%%MatrixMarket vector coordinate real general
1572
1   1.58786387760282929631e-29
2   1.67541481788427341485e-29
3   1.21541470217956154272e-29
4  -3.48623670810425092800e-11
5   1.86721535356594773256e-29
6   1.35992602359008164796e-29
7  -5.20875739568127902077e-11
8   1.15757193951200129267e-29
9   8.69607852281277116089e-11
10   1.35909932675870811703e-29
11   1.55867060140994832144e-29
12   1.98533107871804714595e-29
13   1.43184022677501407640e-29
14   7.04057145714055362427e-11
15   1.13275652711774638263e-29
16   1.08566560042021304434e-12
17   9.98499974952099678327e-30
18   1.58184224206381697467e-11
19   2.39942335278052926448e-29
20   1.71909996466384420219e-29
21   7.91748785060189715754e-11
22   2.85252658129400812789e-29
23   2.02851723650827260402e-29
24  -9.28992519685265838108e-11
25   1.36314751676017041421e-29
26   9.87740789412245922756e-30
27   1.05640587945534339383e-12
28   1.67000322127661743281e-29
29   2.36635958049294548939e-29
30   3.73435493076110634709e-29
31   2.59697368210480845414e-29
32   1.68234662891404442639e-29
33  -2.44484810673956974681e-10
34   5.21720796987311835008e-11
35   1.18059848679089461977e-29
36  -1.07649572566839456905e-10
37   3.51621561608143069388e-29
38   2.50079623080585804188e-29
39   1.25380212382385024808e-10
40   5.42979911375413235805e-29
41   3.83239210032976009092e-29
42  -4.90629246513844190119e-11
43   1.11601753956282410335e-29
44   1.29114950866993719155e-29
45   8.34820908032926306571e-30
46   9.32297903067873577784e-30
47   5.43775067873360643154e-11
48   1.03540384207734184686e-10
49   1.89368458559340312122e-29
50   1.32450183984926481750e-29
51   3.79482687488950348366e-11
52   2.52611387369013293187e-29
53   4.00405750200314525514e-29
54   2.75393157491765626406e-29
55   3.91783784943625751612e-11
56   1.75645002501467499256e-29
57   1.39839965980337966972e-10
58   5.28548543908935361451e-29
59   7.57346941081650068315e-29
60   3.71387730644544550329e-29
61   5.23521608719797199277e-29
62   4.67698395102693825574e-12
63   2.74725855194657604836e-10
64   1.07143294671353869275e-28
65   7.31519545584793861140e-29
66  -5.31949579094611940963e-10
67   7.46802137767605016136e-29
68   5.08687406738445157593e-29
69   4.23432102725470681802e-10
70   1.15286679692917232839e-29
71   8.41100736571737699508e-30
72   9.50817295295906701738e-11
73   1.28780725720204965087e-29
74   1.68750387728721663507e-29
75   1.17503788655336763604e-29
76   9.33675310023246819298e-30
77   2.46853437839840372147e-10
78  -2.27945055409648965579e-10
79   2.57404244441083468370e-29
80   3.06573177131910216700e-29
81   2.10087429652580599970e-29
82   1.74647221517722284935e-29
83   2.20297347858128274263e-11
84  -2.99408532106180272598e-10
85   4.92973399609573695108e-29
86   3.37641765586845804005e-29
87  -5.37730148282712984018e-10
88   8.60769958647133592545e-29
89   5.85188033078737622349e-29
90   3.37668809626153040425e-10
91   1.34950676214049380765e-28
92   9.14844145253858414388e-29
93  -1.04665595535381188179e-09
94   1.52604386534880496015e-28
95   1.02983696026494076967e-28
96   4.03735347491983895309e-10
97   1.41594808345758043756e-28
98   1.92895941346071849308e-28
99   1.30214384124329957488e-28
100   9.61147398127719191392e-29
101   5.96506652561534579715e-11
102   5.39591500010752993662e-10
103   8.84847388193590354796e-29
104   6.04731613291583239925e-29
105  -6.77155654122424180899e-10
106   1.25412099007705433025e-29
107   1.39693972779410022400e-29
108   8.85026328503100300264e-30
109   9.78242931130642834974e-30
110  -1.85668327992759695785e-10
111   1.45763184625754635844e-10
112   2.27676707687052471703e-29
113   1.53394392692044929774e-29
114  -2.72183208812425856957e-10
115   4.43315114048695084395e-29
116   7.81000298932785832005e-29
117   1.42753983009180670747e-28
118   5.23862196497904069527e-29
119   9.47544888317531560840e-29
120  -1.25111516189581407276e-09
121   8.50502954296516845353e-10
122   2.46977653115829297402e-28
123   1.62620273230620717832e-28
124   5.16607164344111456132e-10
125   2.27720004088837287115e-28
126   2.47626916051423261855e-28
127   1.65308602369311458472e-28
128   1.52686757649824427763e-28
129  -1.01863984731422878257e-09
130   6.51963366492294610439e-10
131   3.93708372268719958344e-29
132   2.95028884012887262832e-29
133   2.65565849725004595989e-29
134   8.44023640977261191337e-10
135   4.42453228881063451824e-11
136   5.05604363404145833258e-29
137   3.44964524827645463156e-29
138   5.61980346242732209020e-10
139   3.24778312059939043466e-28
140   2.14391088010158212264e-28
141   1.26346776956996035298e-09
142   1.50788073423693124193e-29
143   2.07534094589502783563e-29
144   3.47766669045897972757e-29
145   1.41600916675298231070e-29
146   2.32953896283066622109e-29
147   5.09510484372732419478e-10
148  -4.40444797700659385938e-10
149   6.71825056135875638381e-29
150   4.44318456052390796659e-29
151  -1.26934637198342688343e-10
152   1.35675849447147867213e-28
153   8.76518821479382849157e-29
154   1.78576571312906527768e-09
155   2.84582731562391075616e-28
156   1.83741875008393892553e-28
157  -2.80962356980879435089e-09
158   4.30346992195138479563e-28
159   2.80083230078046217788e-28
160   3.15850151259978452160e-09
161   3.31607132001814533349e-28
162   2.18348058091753345698e-28
163  -2.44429557784026831695e-09
164   3.50110742236139876731e-28
165   2.31639987923025390100e-28
166   1.36643947771484536515e-09
167   4.37607341589064750214e-28
168   5.78256356700262666953e-28
169   3.68943301290611837895e-28
170  -1.98639413402506896053e-11
171   2.83567515177233653367e-28
172  -8.86124293951037418055e-10
173   1.03808462874851038747e-29
174  -7.74085394473494186199e-11
175   1.33937960743248294680e-29
176   9.39674723634629036674e-30
177   3.03414760925708315440e-10
178   1.66788974492301197153e-29
179   1.34979412216151273487e-29
180   9.52256379412436141920e-30
181   1.14466870534002252002e-29
182  -7.06783614851989949813e-11
183  -2.49543512316737754255e-10
184   2.50686204875538335516e-29
185   3.85929305516165636498e-29
186   2.62045062422720427773e-29
187   1.70647046963653531711e-29
188   5.59924594766120743610e-10
189  -2.18636099802624112181e-10
190   9.14092471373910918633e-29
191   1.25585069588006583521e-28
192   2.19030579113661478193e-28
193   1.41879178217121438667e-28
194   7.98710927560991991136e-29
195  -1.01481631813620880563e-09
196  -8.75293282794497986456e-10
197   5.85244980636875328771e-29
198   5.30652564182325526477e-10
199   5.05758031077403823566e-29
200   3.38517059658231359625e-29
201  -5.69337297457370241453e-10
202   3.96775762057020862369e-28
203   5.98279095887465834926e-28
204   8.84955232464136164354e-28
205   5.66427673924457812112e-28
206   3.89959381981411602856e-28
207  -6.86359668736161158332e-09
208   1.19857506001661260743e-09
209   2.58373584182407777361e-28
210   3.41489511687244462152e-09
211   6.21021691085313099828e-28
212   5.47412551187259936710e-28
213   8.07208382321909014814e-28
214   8.20258334188191550398e-28
215   5.11520527511876976459e-28
216   5.06790238851722490828e-28
217  -3.42924384588549529947e-09
218   2.04674270336376463922e-09
219   3.57233983108904152128e-28
220  -1.08572327654158761794e-09
221   4.04471209816864623682e-28
222   4.57204386838602135559e-10
223   1.15325971851945254803e-29
224   8.33310922177165391762e-30
225  -2.32775323021544479123e-10
226   1.80783377766224496466e-29
227   1.24858538755201252644e-29
228   3.42053092345280877111e-10
229   2.17591624702931411365e-29
230   1.48529682361590060365e-29
231   8.09175283740189919719e-11
232   3.51315326341144963647e-29
233   2.39494595790629776434e-29
234  -6.65985285880788331168e-11
235   4.54809918726370225493e-29
236   3.01951380904683361051e-29
237   4.73557234957251878746e-10
238   6.01091269191940146501e-29
239   3.90215847787115108895e-29
240   4.71944088379768502117e-10
241   1.02444067871415814509e-28
242   6.54426700752777173995e-29
243  -1.65007837523683840690e-09
244   1.61437109427264361224e-28
245   3.68928139991435509130e-28
246   1.03927744529609554158e-28
247   2.40143690979055291042e-28
248   1.05291251109943516912e-09
249   1.16088327384106850767e-09
250   8.05881501202820954545e-28
251   5.24409377955390611984e-28
252  -7.16117604747745839649e-09
253   1.44828199421982526606e-27
254   9.29005093918771583759e-28
255   6.28514808525314539540e-09
256   1.85370683510479505976e-27
257   1.15813881827593592605e-27
258   6.15777362737072759746e-09
259   1.09211232903635025538e-27
260   6.98543174867662412276e-28
261   4.17339886640359800192e-09
262   9.22887425994112045490e-28
263   1.54710103512007546989e-27
264   9.46799631021784216764e-28
265   5.90037117311191954510e-28
266  -5.15260070805821649775e-09
267  -2.06613243543093537311e-10
268   1.05405951665933148553e-27
269   1.14843147994052551393e-27
270   7.00146765929734556825e-28
271   6.46094242181853991491e-28
272  -1.94195461018027280682e-09
273   4.08841786323758306866e-09
274   4.92018871542446085782e-29
275   3.16191526119962664356e-29
276  -1.19762608387228374553e-09
277   6.93238974109086579131e-29
278   9.29231926322208815187e-29
279   1.34386944658431260250e-28
280   5.74000585211746227954e-29
281   8.58569470619994443572e-29
282   6.29883307987171020334e-10
283   1.05691133023278243126e-09
284   2.72978107627380573552e-28
285   1.74446577171930122924e-28
286  -2.86859941160036396831e-09
287   6.21074629389362050906e-28
288   3.97121984301643823710e-28
289   3.15826890645573290426e-09
290   1.64058367155937711361e-27
291   2.97020590288494215066e-27
292   1.84271485027897464869e-27
293  -1.60511013638077762120e-08
294   3.47450502888448181920e-27
295   2.17182625547974527956e-27
296   6.98082879723050398148e-09
297   2.71180370879746160296e-27
298   1.72083278478816608654e-27
299   1.43621783418785534092e-08
300   3.20087871642925946316e-27
301   1.94556468586462409902e-27
302  -3.01854148691591170085e-09
303   2.05276387718860317444e-27
304   1.46485349583407382404e-27
305   8.91369523489171731811e-28
306  -1.86149961077430221590e-09
307   1.76031089080532502056e-27
308   1.07165928444529285742e-27
309   4.99569633341629234036e-09
310   4.39553923165651673503e-29
311   9.77533429833426309488e-10
312   1.05820727152624358384e-27
313   5.37492949327438056929e-09
314   1.87635282298077238318e-27
315   1.39077190028437973659e-27
316   1.18958101346986874737e-27
317   8.89993999826999708849e-28
318  -1.25820223845830444338e-08
319  -1.08261017918216125285e-10
320   1.22961135047285229120e-27
321   6.65071950168482319549e-09
322   2.53867858154628857689e-27
323   4.32640414482766172902e-27
324   2.70816901561661145209e-27
325   1.62749501332252894894e-27
326   3.43194328730885846825e-09
327   1.16486762374679432153e-08
328   6.09153761288631145837e-27
329   6.18965882032814927783e-27
330   3.75895577483374190686e-27
331   3.77092135032318796985e-27
332   1.56293698198323096005e-08
333  -2.83369262636300783620e-08
334   5.56584545814910348888e-27
335   3.35380378128965635032e-27
336   2.60404279804472148852e-08
337   3.55536964319311454565e-27
338   2.11925809717427831986e-27
339  -3.97687309181780637747e-09
340   2.23047710039681344077e-27
341   1.36309019822794931504e-27
342  -2.16435753522679393975e-09
343   2.76734911711170758330e-27
344   1.69242251437836608605e-27
345  -4.52237112961990496200e-09
346   8.86711016638225876326e-27
347   5.40966661837287800324e-27
348  -2.31963176232488376055e-08
349   1.26525064480966200258e-26
350   1.08507866911592600439e-26
351   6.59826285709054093620e-27
352   4.00498731408963013671e-08
353   7.66438386016518857309e-27
354  -4.90562652907714366138e-08
355   1.09894142513709652621e-26
356   6.08210633060686897104e-27
357   6.58367052415536056221e-27
358   3.60131865243792545048e-27
359  -8.10913976719001988435e-09
360  -1.88241615083170137403e-08
361   5.25287067726363649111e-27
362   3.15304452722924338250e-27
363  -1.48266842732837355188e-09
364   3.02094903639923856018e-27
365   3.87006059506903300609e-27
366   2.32495885919297157588e-27
367  -1.98908799749482435835e-09
368   1.84989604664194353656e-27
369   5.77234817165805059801e-09
370   4.04425254162193804602e-27
371   2.42934733110014972726e-27
372   1.03442132381040021071e-08
373   1.85170429816108252044e-26
374   2.59329070677498887130e-26
375   1.16752999487247322821e-26
376   1.55449913088136399359e-26
377   1.44044400743897167813e-07
378  -4.78226000639117947322e-08
379   2.56773256915593670905e-26
380   1.55363169210112415683e-26
381   3.96832537271095229310e-08
382   1.32804443730067478477e-26
383   8.01087492561818293999e-27
384  -4.42714924025840705133e-08
385   8.32755863532667535909e-27
386   9.84189547640212621489e-27
387   5.03003999646939943370e-27
388   6.00291636110731305895e-27
389   3.48963765069827869292e-08
390  -9.90216212858562685979e-09
391   5.56520807617975797328e-27
392   5.19864982538218712748e-27
393   3.32760249528777388572e-27
394   3.09240221912947448312e-27
395   9.55743089065319576847e-10
396  -5.53626357146244131139e-09
397   5.91381550412717614688e-27
398   3.65621882495191287737e-27
399  -1.23152722813861917870e-08
400   1.53486535622701524949e-26
401   9.40504186171519321536e-27
402  -1.40729225631296118586e-08
403   3.33373778968597947841e-26
404   5.23901615042575819810e-26
405   1.99334099497041407966e-26
406   3.19873247729107884155e-26
407  -1.90638801490293755380e-07
408   1.89031152064001507617e-07
409   4.89513258913344083881e-26
410   3.71392062896141340722e-26
411   3.02413052979632312096e-26
412   2.25965183503183332701e-26
413   3.30247744801218858875e-08
414  -1.05242478101202223178e-07
415   1.87648800369183577093e-26
416   1.17424256990656158246e-26
417   5.87239028060020017513e-08
418   1.20150327111724501036e-26
419   7.43477523966932004967e-27
420  -3.56969526097089894959e-08
421   7.90399986264327142249e-27
422   4.96456345925549854089e-27
423   6.18960251060047110893e-09
424   6.86248490390384086848e-27
425   4.39031873734705980829e-27
426   2.03253662052127260785e-08
427   7.26155754321625362593e-27
428   4.41689082509318393382e-27
429   1.88477726865078501799e-08
430   6.61431157644765504810e-26
431   4.04545940973714318921e-26
432   2.06781754467988812891e-07
433   9.76816520231072439220e-26
434   7.67192835949552051701e-26
435   4.41628500979891802870e-26
436   4.79013233571056439868e-26
437   2.70072380163903431600e-26
438   2.35403475345903886453e-07
439  -1.72048322718060358837e-07
440   2.83226756660161679348e-26
441   1.97576373676017272789e-26
442   1.13761826529560784152e-26
443   8.05964956412960937991e-27
444   5.18815588514185634459e-27
445   7.20050732179691442902e-27
446  -4.11066119931568481090e-08
447   3.54478767856840194974e-08
448   1.22791868101805086289e-26
449  -9.34950149007608184373e-09
450   1.79831165511161386348e-26
451   1.51283682404302594465e-07
452   5.67443494999891681648e-26
453  -4.03297988847332610368e-07
454   6.13746076975161829233e-27
455   4.06744195063627331500e-27
456   2.26239367849386831611e-08
457   9.82791635585214453104e-26
458   5.78094520636282205970e-26
459   3.70145465358763917760e-08
460   2.03866220749331989991e-25
461   1.75760514837526593916e-25
462   1.11427355501805902055e-25
463   1.74680079799156496231e-07
464   1.29369018431039703278e-25
465   5.25792555947516679906e-07
466   6.31791046780484272944e-26
467   3.96936078766531624622e-26
468   1.63926535562610417484e-07
469   5.71467052616357246326e-26
470   3.73050922484575458605e-26
471   1.35358519145535497152e-07
472   3.14185181235222081932e-26
473   2.01098703523947597107e-26
474  -6.66417568051462217252e-10
475   1.85967456011048439596e-26
476   1.17274568866606142721e-26
477   7.68254015428328783905e-27
478   3.42511900378934560039e-08
479   1.18509645788324840868e-26
480  -7.57062522508091595809e-08
481   1.19293723366715187099e-25
482   7.30198308637997313955e-26
483  -5.11986206817495924655e-07
484   7.62272771901535863065e-27
485   5.06592032477144889723e-27
486  -9.44920791541531229165e-09
487   5.47123210183506396180e-27
488   3.62515218914802877238e-27
489   2.97417058470286603093e-08
490   5.18441245506267080645e-27
491   3.52210297084442759332e-27
492   1.48028905667205454793e-08
493   3.67258272835008806396e-25
494   2.12130187025041767833e-25
495  -1.06524362998027330480e-06
496   2.09700650953254799204e-25
497   1.70717523808657733053e-25
498   8.73304160410718764847e-26
499   1.13981866469609975046e-25
500   5.93467829059766819553e-26
501   5.64142771890263974664e-08
502   1.92936189845877751796e-07
503   4.59476641199482099082e-26
504   3.10567502390202626099e-26
505  -1.02844180655385518010e-07
506   3.26245601180783033948e-26
507   2.15338892914486372679e-26
508  -5.16448668030314125825e-08
509   1.92666139928474955510e-26
510   1.27632341647757651130e-26
511   1.86737315837213265507e-08
512   1.40584008247425834379e-26
513   8.48417736932055193786e-27
514   5.77682625011284729657e-27
515   9.41217795046300158921e-27
516  -8.22190512207794068778e-11
517  -5.53555561752571984672e-08
518   3.27690822984089028918e-25
519   1.96324565532879483029e-25
520   7.26959996599301358164e-07
521   1.41744541137428290269e-25
522   7.70396484931827953846e-07
523   6.56595589433098404464e-27
524   4.59080747002181623321e-27
525   3.05038024667462934419e-09
526   1.61104489246988787096e-27
527   4.58206927082243989544e-28
528   9.76134835172597458203e-28
529   6.82928469531016357656e-28
530   1.92158893322213772076e-28
531  -4.24027481724282719497e-08
532   8.24932504492986277742e-09
533   8.02487467631611992686e-28
534  -3.39472108757576479520e-08
535   8.31391598211623531519e-25
536   3.46841283993897940785e-25
537   5.82835846007945909915e-25
538   2.24048198867035561780e-25
539   1.90069799569566127658e-06
540  -6.36568359898459459001e-07
541   2.08833848663137439931e-25
542   1.21404431640755822562e-25
543   8.46325333243259303254e-26
544  -5.29927553631629952853e-08
545   1.45497700680337526763e-25
546   8.77318274723362255242e-08
547   5.80037047690356525258e-25
548   8.73399774892598837523e-25
549   5.78258273963314910480e-25
550   1.19713911390284505654e-06
551   3.47679744171098115692e-25
552   1.50905905358333914392e-07
553   6.66586186924688407150e-26
554   4.17989812833242967955e-26
555   3.04908879026994673289e-26
556   4.76239136573132706183e-26
557   1.08049991863877678233e-07
558  -1.00947779237473631754e-07
559   2.72992741131945410342e-26
560   2.38311513834821404243e-26
561   1.57818906777273509651e-26
562   1.63561056887417765391e-26
563   1.95903615748608289532e-26
564   1.10543617423495741895e-26
565   7.88620028951010237667e-08
566  -1.66008849924912950822e-08
567  -3.48682926855015858035e-08
568   9.64243690210345462551e-27
569   6.67673198712444440969e-27
570   6.23834941940247174490e-08
571   7.04052410060709034893e-27
572   6.65084156436522814870e-27
573   4.83110829480223892828e-27
574   4.64633972031122153091e-27
575  -3.99463746483992469991e-08
576   1.75819719419445132188e-08
577   6.43174869574771298194e-27
578   4.62361665754735170549e-27
579  -1.10213471710619628053e-08
580  -9.05081275498354623649e-28
581  -2.03483010184402637193e-28
582   2.62079180535248316638e-08
583   2.01991776506934328508e-24
584   1.29176266863106347477e-24
585   1.20106680528315253434e-24
586   8.23387925419399474200e-25
587  -2.64398291539991175817e-06
588  -1.94079523699770675938e-06
589   6.40690691891217351252e-25
590   3.10684661138831423237e-25
591   2.28564712144244493618e-25
592   4.63473862220309521480e-25
593   7.87999399062777375991e-07
594  -6.19989889385419210706e-08
595   1.90861716335928165717e-25
596   1.44402808654916782303e-25
597  -3.37023895967247281502e-07
598   8.83794244932899146848e-26
599   6.63144464673114016397e-26
600   2.52460478837410082848e-07
601   5.74048515831676247518e-26
602   4.30283085471419916873e-26
603  -7.51795744357736280672e-08
604   4.83037181868751477274e-26
605   3.76737271169316730635e-26
606   3.62881316439641956196e-08
607   2.93671042811481947891e-26
608   1.70730355465071595606e-26
609   1.25763526790825860649e-26
610   7.26300672867519538721e-08
611   2.19904998445959653213e-26
612  -6.82220470190241338074e-08
613   1.40034319812705714611e-24
614   7.35687497208186470444e-25
615  -1.41980775755361779210e-06
616   9.48226934159190066600e-27
617   6.87077424181855432664e-27
618  -3.63103806806245310979e-08
619   7.92336174616791713270e-27
620   5.59713294174920439961e-27
621  -2.05178587156522872069e-08
622   6.21583198873603666304e-27
623   4.28075016389979735869e-27
624   4.19685188580713965963e-08
625   2.17600388674434483934e-24
626   1.53347836466985216503e-24
627   1.69212681634276511341e-24
628   1.16456471838887250814e-24
629   5.80314241907241899039e-06
630  -1.07364666534225801671e-06
631   8.67154922960809524181e-25
632   4.82275830568501436483e-25
633   3.67631224276719406372e-25
634  -1.55019944145035448256e-06
635   6.69515631476110058209e-25
636   1.67586983862300562891e-06
637   3.09017330754846415494e-24
638   3.99924615120166525027e-24
639   2.22737768797386150620e-24
640   2.25056260778408755410e-24
641   6.96752864149837451468e-06
642  -3.28574288899049902734e-06
643   2.96354474748942396737e-25
644   2.41513663063534904812e-25
645   2.00196793134330417935e-25
646  -1.59502732682892152746e-07
647   2.35372382192529918306e-25
648  -1.07840571852067285795e-07
649   8.41793251000924069687e-26
650   7.26338033778735048650e-26
651   6.53194580177469307178e-26
652   5.90380584055085931743e-26
653  -8.92196939408436450521e-08
654  -8.60900985940570781628e-08
655   1.24812214937052607743e-25
656   1.02190821329391923460e-25
657   5.28476874270681098685e-07
658   3.38070191407364243406e-26
659   5.11418849495943386790e-26
660   2.61875476752528316647e-26
661   4.08558426582784502526e-26
662  -4.14789003382696930533e-08
663   1.17807505086783762680e-07
664   1.35283951964200733002e-26
665   9.12024308553858021451e-27
666   1.03023893965676582219e-26
667   6.71758991662645099268e-27
668  -1.87732046937053932608e-08
669  -3.83426099810926126570e-08
670   7.63117594969971359268e-27
671   7.21561477380712144849e-27
672   5.52208556251485446935e-27
673   5.15220107021222434409e-27
674   7.14551671896302130030e-08
675  -3.00397129079475041363e-08
676   7.28274482538019620584e-27
677   5.41531677528524011614e-27
678   6.12388123423985664004e-08
679   1.52305975422215956967e-26
680   1.25682580553383087637e-26
681   9.74462453858755734129e-08
682   3.57735185318931081799e-24
683   1.79152893315055289128e-24
684   1.85336936058827720397e-24
685   2.04631599571352829417e-24
686   5.63991923696314580736e-06
687  -6.12901696272224594654e-06
688   7.85826036684430268791e-24
689   7.11621578765149754145e-24
690   1.23506100531001081845e-05
691   7.96987638905399606946e-24
692   2.94312059826658241657e-24
693  -7.88665481456320407376e-06
694   8.75438300322416124978e-25
695   7.38837057593941807227e-25
696  -2.78781073523263494513e-06
697   4.43771289197680650008e-25
698   2.99728558111604175770e-25
699   1.65165995743070992442e-25
700   2.62153723212483867232e-25
701   1.49052569039341575170e-25
702  -1.35674896354389289807e-06
703   1.10051072815872216176e-06
704   1.28513305073510322538e-25
705   1.09708818886739934038e-25
706  -6.53086367010182325532e-07
707   8.61053482533619508873e-26
708   7.44036671866321347301e-26
709   6.68196751565601043751e-07
710   5.93326479224257558805e-26
711   4.94111614481758402038e-26
712  -3.06945763071913006238e-07
713   6.70966529480670757281e-25
714   5.54011999377778080492e-25
715   8.84642890180091606182e-07
716   3.96992999395293705893e-25
717   1.31112846275140816312e-06
718   1.25045583692165402927e-26
719   6.40095287883676515134e-27
720   1.16226337274264795884e-26
721   5.74509840615583458833e-27
722  -6.14444630223601903255e-08
723  -2.50983397396704587706e-08
724   3.55375563135976273499e-27
725   3.44118048061946230227e-27
726  -6.11761813261743880083e-08
727   3.05809622579793503157e-28
728   4.36431786475977079338e-27
729   3.08851522393654149266e-27
730   7.80381112404008182980e-28
731  -3.41215696545595638433e-08
732   5.62722466051690831745e-08
733   3.34884603333438421457e-24
734   2.48247218794070312667e-24
735  -2.58861383523617648108e-06
736   1.63824220457859911946e-24
737   2.20749395472185710979e-24
738  -4.05307192330401039830e-06
739   1.07759386371165035750e-24
740   9.51061694347276886364e-25
741  -4.82100564303018350903e-07
742   7.31537079428376542306e-25
743   7.71306760300917910508e-25
744   2.59899726297613139586e-06
745   5.17575740116135269911e-25
746   3.03463628252486671555e-25
747   4.67695285810171517577e-25
748   2.97073590008419943313e-25
749   4.61233233280576417635e-07
750   1.30924478268034673493e-06
751   1.84441408149637218799e-25
752   1.71997381968474354157e-25
753   5.19361318067552945283e-08
754   1.37116342038923664125e-25
755   1.24273979219090424170e-25
756   1.05850135273753843671e-25
757  -2.07820273552731775000e-07
758   1.17745380023879544285e-25
759  -1.03360611499709360957e-06
760   1.01090999436386589921e-23
761   7.71597068610525592798e-24
762   4.64842582147071717530e-06
763   2.56036244531085705366e-23
764   7.66597506174798286693e-24
765  -2.89451989824711876831e-05
766   1.99947777919387191019e-23
767   8.12005373630609817979e-24
768  -2.64760438893629889087e-06
769   4.60109826835467762822e-24
770   5.85734962027076489982e-24
771  -8.19690578896821843771e-06
772  -4.27316474848159555645e-28
773   8.05097578311581343496e-28
774  -1.00488725807033168481e-28
775   2.75297572204209231466e-08
776   5.05045439831398104210e-28
777  -9.20787330830038003161e-09
778  -8.82448088578400546012e-28
779  -1.80787403324446755562e-27
780  -4.29190420831669628342e-28
781  -1.04355665779629507643e-27
782   3.97472401172510077807e-08
783  -4.84513421709634456472e-09
784   2.08424501597159231728e-24
785   1.19315998276619744470e-24
786   2.74445964509319534181e-24
787   1.78413545681131007768e-24
788   7.23922235914194109861e-06
789  -1.98631828945526041168e-06
790   1.27782762560092175746e-24
791   1.40557761976468318248e-24
792   4.26902855766661181120e-06
793   1.18735673226235650103e-24
794   1.25657766682010340141e-24
795   2.29228915619896052509e-06
796   8.24876264271048343524e-25
797   9.29050038106824305510e-25
798  -1.96015172822133744584e-06
799   4.04304845041060946388e-25
800   3.78360041649974607726e-25
801  -2.38434988944297049813e-06
802   1.54970232575143309269e-25
803   1.19824394943847222155e-25
804   1.55431484462675220842e-25
805   1.10037608200117618807e-25
806  -1.29922038066718944123e-06
807   1.13142362443620695264e-06
808  -5.54516873914596362518e-24
809   2.10301143967845369071e-24
810   2.90196112046776054415e-23
811   9.49998365253966510890e-24
812  -1.15839749673911114326e-05
813   1.00482238515267426933e-05
814   2.66321496164817729740e-24
815   7.34902396354146709754e-24
816  -3.72152786999692521963e-06
817   3.08169634129119845896e-23
818   3.80759860380872452357e-23
819   8.97789878458911806518e-06
820   7.65587815892977343367e-23
821   2.40705858766611774061e-23
822   5.03576413625341664485e-05
823   1.05398444105029490669e-24
824   1.98898104653039558668e-24
825  -3.14066064243305407750e-06
826   9.69388789059347930198e-25
827   1.37832711827550256908e-24
828   4.15248351579754344780e-24
829   2.69561977390030862587e-24
830  -4.60529916717588959493e-06
831  -2.03032181507623413444e-06
832   7.53398157169286275212e-25
833   1.28619975071011482527e-24
834   3.69222435643276547391e-06
835   8.92415491139513122226e-25
836   1.37112017762886312890e-24
837  -2.15997336854506106888e-06
838  -4.17606607482948179013e-26
839  -1.31008230843274786291e-26
840   1.68103983079825124998e-07
841   4.34140174262989590383e-26
842  -8.04997892116187900384e-25
843   1.14578496451819414973e-23
844   1.18189817052249679276e-23
845   3.59940040169974835691e-05
846  -1.32135720845286027254e-05
847   2.27996513601113060603e-26
848   6.10641084650004204963e-24
849  -2.11026563278369584041e-06
850  -1.15268358926460502054e-23
851   4.66390615698829080683e-23
852  -5.60385808832832750808e-05
853  -5.31967723561060763435e-23
854   4.65565413576288238749e-23
855   4.71376624460261001550e-05
856   3.88844210639500849500e-22
857   7.99796893521692151974e-23
858   7.68094020698185320549e-24
859   1.86351247658115814080e-23
860  -1.34014307966966850607e-04
861   7.41163360332159487642e-05
862   5.68324274262666970999e-25
863   1.52084011032576665499e-24
864  -7.92485848262957114589e-08
865   3.66967851026831274324e-25
866   8.46756528141419783551e-25
867  -2.49394822545577983427e-06
868   4.74900093383730341321e-25
869   8.81811049318086687677e-25
870  -8.38365897426432227074e-07
871   5.30172841765926426919e-25
872   2.51785443885718941973e-24
873   4.55900606263890092519e-06
874   9.17196518374975307048e-26
875   2.84933867584363758356e-24
876  -4.63929540948614816808e-06
877  -7.08163777154302855590e-27
878   5.19529797924167046541e-24
879   1.35916766630721108536e-05
880  -1.85031748768613043842e-24
881   1.10918150152802405953e-23
882  -1.15886659468255399425e-05
883   5.11627868932866020215e-22
884   1.49848843352780832995e-20
885  -1.68281487968002411037e-20
886   1.86073719482852258199e-20
887  -3.26551870817999084701e-20
888  -1.11838550289991892593e-03
889   5.77881561536232042468e-04
890   3.11674237334470745887e-21
891   5.26029599722863132717e-21
892   7.91405905670756614108e-05
893   3.15437782031638364997e-22
894   3.63273373582319162624e-04
895   2.36964987752229717833e-25
896   2.51098848878733081517e-25
897   1.85949143674063446120e-25
898   4.85149871466196026222e-25
899   7.82042108642596942132e-25
900  -2.44862753736078034541e-08
901   2.28972446827206539441e-06
902   1.33824665233032471999e-24
903  -3.22224247286504399175e-06
904   1.57550792573965436125e-25
905   5.37469475016015127993e-26
906   1.48085709573004637904e-24
907   1.72350146194959001154e-24
908   9.68706708763409533121e-07
909   5.18718357093534881543e-07
910   2.83175760015701574163e-25
911   5.96172621032007822815e-25
912   2.55255540774455132747e-06
913   4.40726977696493526231e-26
914   1.46765952864830226407e-24
915   3.42834214993676017252e-06
916  -2.48319359503008242091e-25
917  -5.30778825684312614066e-26
918   4.30175172933644281815e-24
919   3.22196869002016579750e-24
920  -3.13616597072943401308e-06
921  -4.45681692703806855689e-06
922  -9.27408860389763657369e-20
923  -1.20725595877785757536e-19
924   4.14337553276667401592e-03
925   1.15298951119367833610e-19
926   1.47935804765060915429e-19
927  -5.27738179068656856202e-03
928  -4.33817950395828343040e-20
929  -4.34576636525526066729e-20
930  -1.96980886829624824569e-03
931   1.07829390124891097294e-25
932   2.73630080616515668196e-26
933   9.53200100541160907628e-25
934  -2.94667457088329015527e-06
935   5.54507562787670350164e-27
936   8.16721436705899388282e-25
937   7.44790142005427654523e-07
938  -1.40728067055702379177e-26
939   1.20599517489738626857e-24
940  -4.43131587253287203919e-06
941  -6.04822108723314200731e-26
942   1.99431751162645552777e-24
943   2.74800708759365084556e-06
944   1.22352494092308196562e-25
945   6.40625962792564870732e-25
946   9.60530242829624266275e-07
947   1.16694923396400030073e-25
948   4.30701400867296966172e-25
949  -1.87533337471412882745e-06
950   8.15211476912755338729e-26
951   2.72849139636005763773e-25
952   1.13188784700677581834e-06
953   1.18555694422281575139e-25
954   3.33349334241502195788e-25
955  -1.30923703950776903617e-06
956   8.88766835907572781077e-25
957   1.30190531157904789591e-06
958   1.95018624018953896992e-19
959  -4.17778604723515831302e-19
960   2.81325593715977024723e-19
961  -4.23952987195300155400e-19
962  -1.14132785499039372812e-02
963   2.47866047604886688416e-02
964   7.42708060010037028121e-19
965   7.94420985785808128792e-19
966  -3.04810111181232426536e-02
967   3.93254779756782633114e-26
968   2.35816412204642652880e-26
969   5.40345442630180451592e-25
970   5.06507237298507181237e-25
971   1.00210118551671007315e-06
972   9.63809804522954730006e-07
973   1.09321535874654562438e-26
974   3.84611049774844976214e-25
975  -6.74541698916959880307e-07
976   6.42514826884243079816e-27
977   3.95400113823586287739e-25
978  -1.02369179283645871262e-06
979   1.32964666464321646251e-26
980   5.99415038980022432385e-25
981   1.99487952491135154751e-06
982   5.94806820006742340457e-26
983   6.68233032182370662374e-26
984   4.83551419306845392476e-25
985   3.28372933287515930594e-25
986  -1.67097560430685397693e-06
987   5.64414584078441300951e-07
988   3.64525431504705955448e-26
989   3.85543930618165877684e-26
990   1.68595854522236525041e-25
991   1.43922709588431259906e-25
992  -8.41035660477546427604e-07
993  -1.91125805279184806654e-07
994   6.12000812975118969206e-26
995   1.97335229403547593533e-25
996  -3.73291617920093739807e-07
997  -3.20801655850732834038e-19
998  -2.80902227530119335831e-19
999   2.73729257503757539283e-02
1000   9.52501149046689785641e-19
1001  -1.28093411489480096383e-18
1002  -1.35767653221693956543e-18
1003   4.57131717493188508215e-19
1004   9.90669627234896044143e-01
1005  -1.26885874911485257988e-01
1006   1.82424461787185682143e-26
1007   8.95004665829512672258e-27
1008   4.92491938720246830933e-27
1009   1.83016191015086984797e-25
1010  -1.84593402960535090600e-07
1011   2.64625030219592937709e-25
1012   2.47132800919495936854e-07
1013   3.19932498185622757804e-25
1014  -1.17365750008621575096e-06
1015   2.76082172104629699761e-26
1016   3.55845958471094254579e-26
1017   2.00258479146279254156e-26
1018   1.24881503823072316335e-25
1019   2.89422102652151373984e-07
1020   2.20976268388815396852e-25
1021   5.54196152357314751213e-07
1022   2.71131063396238469653e-25
1023   4.31235693007810790997e-07
1024   3.59879240684470249367e-27
1025   2.33457936791170191826e-25
1026   1.14080270336427150451e-06
1027   2.92084886090459487082e-27
1028   3.10615907183614408808e-25
1029  -4.16122478854039113086e-07
1030   1.94939045702562034679e-26
1031   8.77734935990647467817e-26
1032   5.53846361230592472012e-07
1033   1.93953440413898160541e-26
1034   7.62401026969790094095e-26
1035  -3.69367732203734250457e-07
1036   2.97418922812957220930e-26
1037   1.07247015277929704088e-25
1038   4.57720075840525357776e-07
1039   1.77682400163611573256e-26
1040   9.29307867944772907210e-26
1041   9.79038985856433591578e-08
1042   9.10101535019279792247e-27
1043   1.38006335133291626289e-26
1044   1.56676919688601012671e-25
1045   1.71958809282470152745e-25
1046   1.61404993259954420908e-07
1047   4.41731026965310445946e-07
1048   1.49075236102128893078e-26
1049   1.01282485361424556349e-26
1050   1.24151475604228479019e-25
1051   7.09692625867607466367e-26
1052  -5.32860591472981816124e-07
1053   9.01414408608806332366e-08
1054   9.46080031491811246941e-27
1055   5.23330299045840795973e-26
1056  -2.65100994978368122885e-07
1057   9.51738182365761573765e-27
1058   4.36455868840691493727e-26
1059  -2.32061168167366328478e-07
1060   1.15275718170442675280e-26
1061   4.90340155097024847254e-26
1062  -4.64162228740142965232e-08
1063   1.19422157735805527923e-26
1064   4.89087486656308668764e-26
1065   1.62276978404507562833e-07
1066   5.06260448074561714052e-27
1067   3.92268247347885517519e-27
1068   1.29224053196285831799e-25
1069   1.18942588069032086623e-25
1070   1.01088275169629600623e-07
1071  -3.36133110605853376713e-07
1072   3.19229487418265413900e-27
1073   4.27727062448750432219e-27
1074   1.63412449025496027235e-25
1075   1.28665883059079589818e-25
1076  -3.78935580676005174129e-07
1077  -6.03633187366445861492e-07
1078   4.64189301256162014587e-27
1079   1.99345308907156296093e-25
1080  -7.43334452380803331162e-07
1081   7.92145320175784690908e-27
1082   7.86516760448792174290e-27
1083   9.63300565131227677457e-26
1084   7.31246459157589412973e-26
1085  -1.63222050426720951563e-08
1086   2.81803139179455100327e-07
1087   5.46152858709070743150e-27
1088   4.42504267580087234509e-26
1089  -2.34048481726929343408e-07
1090   5.77143271287605051281e-27
1091   4.27829107840363172727e-27
1092   5.34495246857630235006e-27
1093   2.63387836000494591141e-26
1094   2.83856058651223346730e-26
1095   6.57414948976565974451e-08
1096   1.79675054911118781627e-07
1097   5.40779296974420342891e-27
1098   6.77765764477584925269e-27
1099   2.88797634527755583744e-26
1100   2.52243604581817183188e-26
1101  -1.06649745360031003711e-07
1102   1.00831452891973110655e-07
1103   5.46968075434562313746e-27
1104   9.37623876875620186299e-26
1105  -8.76381270503751581289e-08
1106   3.15481867215707794148e-27
1107   7.93333659156138242403e-26
1108   1.03736925152176884153e-07
1109   1.96647882053873367745e-27
1110   2.25817650474128982463e-27
1111   8.36346289051627625556e-26
1112   6.66218090130221449475e-26
1113  -1.82814184372990658027e-07
1114   3.16601639465369091952e-07
1115   3.94507495912604155712e-26
1116   1.38130321817203894377e-07
1117   4.82407551464142036494e-27
1118   2.03534899707990832141e-26
1119   9.33468956553875160159e-09
1120   1.81673103746287144452e-27
1121   1.04611405515432077059e-25
1122   7.66013874488596118328e-07
1123   4.94270475339670317308e-27
1124   6.50057849567994890181e-26
1125  -9.32925362273986320184e-08
1126   2.80475131733119898968e-27
1127   4.84075250949544025619e-26
1128   5.30693201498805871347e-08
1129   2.55773418971594991491e-27
1130   5.07187952868764066272e-26
1131  -2.44705003679110416569e-07
1132   1.77007811665383019677e-27
1133   5.12935742927246262180e-26
1134  -5.23768188197190873918e-08
1135   1.85156158303578921399e-27
1136   5.66193838674150715105e-26
1137  -1.99027456319199005194e-07
1138   4.33243756787524389557e-27
1139   4.58247220110590454201e-26
1140  -8.07803552469670075944e-09
1141   3.11150209707396617296e-27
1142   2.86687767468268117387e-27
1143   3.23885049365460009666e-26
1144   2.62717840000953948140e-26
1145   1.20640381735425350972e-07
1146   8.87090597943818617291e-08
1147   3.20994233602560648895e-27
1148   3.29837898819827571303e-27
1149   2.18876180004386712322e-26
1150   2.51127800310839611687e-26
1151  -1.41305275208990925949e-07
1152   7.93075604757121028589e-08
1153   2.05584244203466632626e-27
1154   2.00082409056472519208e-27
1155   1.33339831660285894973e-26
1156   1.17560736017497398471e-26
1157   9.22239842403930730163e-09
1158   5.65928106484787033048e-09
1159   3.30476743234980384367e-27
1160   2.82811022416560858767e-27
1161   1.70727662713198269118e-26
1162   1.32862437652393027263e-26
1163  -1.43341113491723959709e-07
1164   3.78154985976625215131e-08
1165   2.25387854658252967162e-27
1166   9.95149071673891266048e-27
1167  -4.50330314709139593887e-08
1168   2.95171498636759123609e-27
1169   1.80825809870484312804e-27
1170   4.01934492219496979029e-26
1171   2.97284872222128533696e-26
1172  -1.50293995954422183867e-08
1173   4.35900969406642730425e-08
1174   2.13866124319290080669e-27
1175   1.78578763642340395993e-27
1176   4.25134982371491391455e-26
1177   1.92563107803492932077e-07
1178   3.66137991464424159766e-26
1179  -1.80219098024456586211e-07
1180   2.59952749581392381207e-27
1181   2.61128929435893505747e-26
1182  -1.42266128207387757868e-07
1183   2.58666839515045652736e-27
1184   2.97601198219757341280e-26
1185  -2.38862507772749995324e-08
1186   2.21616509641733253413e-27
1187   1.94474226276285149774e-27
1188   1.50221360167436784591e-26
1189   4.27677647860969342284e-08
1190   1.82129169319350195824e-26
1191  -1.22215991800099415218e-07
1192   1.96909169704013127650e-27
1193   1.86286295109402602882e-26
1194   4.58073648063920662890e-08
1195   1.55959315724192167775e-27
1196   9.98891001241883850651e-28
1197   1.20264809217280179837e-27
1198   7.49461033097765463835e-27
1199   6.80475598474144760739e-27
1200   3.57190820489024687453e-09
1201  -1.44479141288481675341e-08
1202   1.12889729409423127078e-26
1203   5.63794688981490315584e-08
1204   1.77750327004994031190e-27
1205   9.74747837956572963128e-27
1206   6.09398918987135144771e-08
1207   1.40907934259368268006e-27
1208   1.37027887722434997696e-27
1209   6.29985360189157208497e-27
1210   1.16743043499839124142e-08
1211   6.89210988097484754748e-27
1212  -4.13232926120985978923e-08
1213   1.15484625263783724854e-27
1214   6.51858280461583062808e-27
1215  -2.42142787690436792831e-08
1216   1.26560897875865191022e-27
1217   5.64032346164699683528e-27
1218   2.20659530963538478776e-08
1219   1.90573565682721328400e-27
1220   2.61638109771931941709e-26
1221   7.83907709498273236453e-09
1222   1.65318549640807234151e-27
1223   4.79858666183955521783e-27
1224  -1.84418421078339843160e-08
1225   1.18623916414949238451e-27
1226  -3.56881548357749762029e-27
1227   4.90976225528775563242e-29
1228   4.21552134521918296753e-27
1229   1.08660090490167528020e-07
1230  -9.11785976269281066531e-08
1231   1.48975168343986920439e-27
1232   1.10234171447427520966e-27
1233   9.00117401559646844436e-27
1234   1.27672058490413278576e-26
1235  -5.39370512586646763467e-09
1236   3.72735752684047963032e-08
1237   1.14840821498114513479e-27
1238   1.03945860538093170178e-26
1239  -4.97284145882757704442e-08
1240   1.04452219977769140865e-27
1241   7.85827291986444490545e-27
1242  -4.25664767470032117222e-08
1243   6.53627027055625137927e-28
1244   5.42630686740901867880e-28
1245   3.78942681548400849266e-27
1246   5.13473842856928609817e-27
1247  -7.04829599230554910596e-09
1248   2.04183894349385370789e-08
1249   7.19968643052188554799e-28
1250   4.55320173694639268217e-27
1251   1.60323944120427215840e-08
1252   5.50846515217657709574e-28
1253   7.37248557419262113681e-28
1254   3.18971360920273477509e-27
1255   3.90167340924286407330e-27
1256   4.00230885201287769284e-10
1257   2.95375753028954777156e-08
1258   8.09263038770657959070e-28
1259   6.68677356863225495889e-28
1260   6.46129646361015861924e-28
1261   9.30396723212346617649e-28
1262   4.18161093822394393994e-27
1263   2.91195278732908441278e-27
1264  -2.28676897620447121199e-08
1265   7.92252886171082811835e-09
1266   3.07630731247460801330e-27
1267  -1.71623783938405450929e-08
1268   3.97264192297855212967e-27
1269   8.97456107960476186198e-09
1270   3.61078106471186936558e-27
1271  -1.23517076237053940845e-27
1272  -1.78284523584988145915e-08
1273   7.51961551495202720949e-28
1274   4.71439799245873663951e-28
1275   3.85153103825322889108e-27
1276   6.48186431683264743220e-27
1277  -3.31067373161470657334e-08
1278   3.12098241962661130919e-08
1279   3.75840403895988874487e-28
1280   2.94082308788450358108e-27
1281   6.82949010947033395302e-09
1282   2.76105389920442473395e-28
1283   3.73606759352572089221e-28
1284   2.04121650923074105621e-27
1285   2.43341948511795140722e-27
1286  -4.70146039069485476855e-09
1287   6.16664089834038865369e-10
1288   3.81421793526398541907e-28
1289   3.20639658635030478457e-28
1290   4.68691634221494833324e-28
1291   2.44518265272371179796e-27
1292  -2.09830460898939041511e-08
1293   1.87714472557782584861e-27
1294   1.21928447379163881530e-08
1295   2.30703151545723892314e-27
1296  -1.25237457694208386110e-08
1297   4.67318372357427535734e-28
1298   2.29305176377469346616e-27
1299   1.25333301014857981649e-08
1300   3.02935469412514715803e-28
1301   1.52102500826791756485e-27
1302   4.06344820571177261197e-09
1303   3.87963134458631546165e-28
1304   3.24171395021558604509e-28
1305   1.40759027353835909367e-27
1306  -8.26699351686990862210e-09
1307   4.49356658242985094275e-28
1308   1.87753878141656737266e-27
1309   4.76444007766116220827e-09
1310   1.77355731170884711382e-27
1311   5.61042036290993547106e-09
1312   2.66774936364905999550e-28
1313   1.93297731387441470489e-28
1314   1.56949940220349076501e-28
1315   2.04324815329263129523e-28
1316   1.35169712659303369277e-27
1317   6.72660211419153013720e-09
1318   2.01149315456956687224e-28
1319   1.60405046973383089638e-28
1320   9.32606506422772563609e-28
1321   1.23725005985695180294e-27
1322  -7.96821302206261160708e-09
1323   5.96967934360869760014e-10
1324   2.25010051539525260468e-27
1325   1.56776461470946939676e-27
1326   1.18573278389500671542e-27
1327  -1.95936972710902471153e-10
1328  -1.11979862925346608274e-09
1329   9.10159188025131928639e-09
1330   2.50476737092636111598e-28
1331   1.39454169305053157111e-27
1332   5.04086496149703816435e-09
1333   1.50430391256235551076e-28
1334   1.56638643440228992788e-28
1335   7.79913982076748966974e-28
1336  -3.11886026527923897300e-10
1337   8.26781451769145074678e-28
1338  -4.35755887209598119412e-10
1339   2.24258622406870575342e-28
1340   1.72987624092165651560e-28
1341   2.31521723997929390426e-28
1342   3.14463450891644164320e-28
1343   1.32501380887930169382e-27
1344   9.92327160546670277446e-28
1345   4.76653007150168372402e-09
1346   2.12019863826145858893e-09
1347   7.89154597327010556717e-28
1348   5.15527064850780497386e-09
1349   1.05868144770830339875e-27
1350  -1.53769057761560513857e-09
1351   9.07874393834931562049e-29
1352   7.51692807923771175890e-28
1353   2.79270067291357327708e-09
1354   1.03673331262311682472e-28
1355   7.21207664083498871228e-28
1356  -2.46561787617180200171e-09
1357   1.21686611481797724450e-28
1358   1.15978558515965251689e-28
1359   7.04928067978232987029e-28
1360   4.49098084451259548285e-09
1361   7.69812255936693555614e-28
1362  -4.71364308914857449848e-09
1363   9.61338156084380670818e-29
1364   5.63826521303315623847e-28
1365   3.91797461954460209363e-09
1366   9.25701964066796074771e-29
1367   5.16999384300657940845e-28
1368  -2.02480141265702422623e-09
1369   7.37825849128341425482e-29
1370   8.51132538230547984341e-29
1371   4.03414844594473660773e-28
1372   3.79168842381955779776e-28
1373  -5.30955381482956777742e-10
1374   1.64008344768502281785e-09
1375   1.25705485427264230223e-28
1376   6.09733855610134715016e-28
1377  -2.06693921971327245946e-09
1378   1.22126579659812555051e-28
1379   5.47730423018417268328e-28
1380  -4.49772292917278017700e-09
1381   5.16644206165967608141e-29
1382   5.75502329867733065956e-29
1383   6.43511516499282204726e-29
1384   4.06596076013966693133e-28
1385   4.86980758619559325633e-28
1386   4.27225924400414582156e-09
1387  -7.52374005491277054886e-10
1388   4.02901849149000350597e-28
1389  -2.99359470885150923780e-09
1390   6.67719178637088598682e-29
1391   4.24378056897623102570e-28
1392   4.58489594325636343307e-11
1393   6.63276747431582174368e-29
1394   4.03409037415558815231e-29
1395   2.43242194177408988608e-28
1396   3.99201368953564711076e-28
1397  -2.57974535645863994953e-10
1398  -4.86936286765530608566e-09
1399   5.59620827516885910766e-29
1400   3.09948656378196248930e-28
1401  -7.14750154192235700450e-10
1402   4.63682027566901885009e-29
1403   2.73396747626068157316e-28
1404  -2.09913729378822661866e-09
1405   4.69231460959401890301e-29
1406   2.34571759409954305694e-28
1407  -2.77379286011629426833e-10
1408   4.26331480266189450527e-29
1409   2.25436701013566105922e-28
1410  -4.87902597321478274484e-10
1411   7.15854192148649345762e-29
1412   3.33320696247935146020e-28
1413   3.01608128954641132217e-09
1414   5.15688751352538372458e-29
1415   2.49328953940424250714e-28
1416  -8.82196096422163344769e-10
1417   3.74866516180656664060e-29
1418   2.74149688368924559877e-28
1419  -1.00840667531106045257e-09
1420   3.81112891537918863505e-29
1421   2.58997834478328124406e-28
1422  -2.90831985868175900500e-09
1423   2.45793347605644499133e-29
1424   1.62896115420844559147e-28
1425  -1.16489216580632048649e-09
1426   2.00385929025809441196e-29
1427   2.11218917852923876282e-29
1428   1.25826834137571467264e-28
1429   1.25612857052626345656e-28
1430  -2.86328034285823650352e-10
1431   5.79255599532207098900e-10
1432   4.11313149710938259308e-29
1433   2.63336991865035446521e-28
1434   3.66240647423595610319e-09
1435   3.12768673838071734096e-29
1436   1.83514052176855027314e-28
1437   1.18034457250389243240e-09
1438   3.16415801418300095920e-29
1439   2.50166880306455439645e-29
1440   1.32366532433908254312e-28
1441   1.76060674927222027604e-28
1442   4.70190814046049531025e-10
1443   6.04511817755709387205e-11
1444   2.43919930360819385354e-29
1445   1.26226980199679336438e-28
1446  -3.69093661390468568122e-10
1447   3.02697095083582895546e-29
1448   1.51396831453702497824e-28
1449   9.64607541590764108577e-10
1450   4.19546359595722129135e-29
1451   1.93451222795262610777e-28
1452  -1.12009438799655565195e-09
1453   2.07106337025637085386e-29
1454   2.29338951452897512277e-29
1455   1.52306368226765319164e-29
1456   1.05775499829552873939e-28
1457   1.66196598055376841629e-28
1458  -1.07102728064538187881e-09
1459   3.12401649074187720903e-09
1460   1.58124911164424410589e-28
1461  -2.01836271574582517024e-09
1462   1.46158298813247017501e-29
1463   1.27112145608434646399e-29
1464   8.00272805237756240562e-29
1465  -6.43930974750567479957e-10
1466   1.09052244110173114029e-29
1467   6.58707352117686826882e-29
1468   4.74488443179067225928e-10
1469   1.93983938722473997661e-29
1470   1.09848552104393866641e-28
1471  -5.60664393361409015139e-10
1472   1.36220812942420544547e-29
1473   1.45753349558103936091e-29
1474   7.65161046832984753138e-29
1475   7.33533509309650991550e-29
1476  -5.47770942390804824658e-12
1477  -2.11051519026806095156e-11
1478   9.53550899826796959483e-29
1479   1.01068875102315372675e-09
1480   1.75462671911406330028e-29
1481   9.05840823261354357932e-29
1482  -2.20703503656488568794e-10
1483   2.03306850265945821665e-29
1484   9.94567660478832999019e-29
1485  -1.78821075878111663701e-10
1486   1.45682613497439769903e-29
1487   1.08278464040717117800e-28
1488  -1.20318377129316207584e-09
1489   8.91521927079495523471e-30
1490   9.67352095225662925726e-30
1491   6.50471219333008986479e-29
1492   6.46009180086912451678e-29
1493  -1.53858307181248957084e-10
1494   1.29321732940738144671e-09
1495   7.91590413718899133931e-30
1496   5.11084335227503877086e-29
1497   3.92541489270961823929e-10
1498   7.00046111772437695557e-30
1499   7.57014912104342462437e-30
1500   4.27770845565873134195e-29
1501   4.37447787200870731678e-29
1502  -5.63414712633715580490e-10
1503  -1.23641321304773616533e-10
1504   8.70842893548630138160e-30
1505   1.02182294183123499318e-29
1506   5.76969001482166048820e-29
1507   5.51919264508782697651e-11
1508   4.80300662287546905754e-29
1509  -3.40557987108843506773e-11
1510   9.70519069339108290703e-30
1511   5.20325353933093188022e-29
1512   3.31911525874130481617e-11
1513   1.00970474503206718676e-29
1514   1.29236829069748562972e-29
1515   1.27375940874250701490e-29
1516   6.19546233241687452573e-29
1517   6.65902155173414730411e-29
1518  -8.86005381340159610680e-11
1519   2.20936929204349509216e-10
1520   5.31916603074549430177e-29
1521  -1.03540682022491045466e-10
1522   6.85159305839036675033e-30
1523   5.33143540600853358739e-30
1524   5.43459639141008817825e-29
1525   3.90994519896010394277e-29
1526  -1.56573218514012480259e-10
1527  -5.82293359249751669972e-10
1528   6.29576655275606526834e-30
1529   5.23362830808243435725e-30
1530   4.32749540749523009692e-29
1531   3.49436267259665713530e-29
1532  -5.74652349670983328199e-10
1533   1.19587232349794779323e-10
1534   5.86493621175387777718e-30
1535   3.65590104617540466289e-29
1536   5.03127923616596734738e-10
1537   6.40608397823064737994e-30
1538   7.66958637525540851585e-30
1539   7.19390773268293346288e-30
1540   3.71117045222687706330e-29
1541   4.21011546660912406363e-29
1542   4.04148332526755987383e-29
1543  -1.86347806636478434248e-10
1544  -6.49431739305565923059e-11
1545   1.25664929016714842690e-10
1546   8.87188671101772425408e-30
1547   4.70202117488990137434e-29
1548   2.40957587693673697701e-11
1549   9.04804541781260272869e-30
1550   4.70804258673525465085e-29
1551   1.38633839138466173220e-10
1552   9.94640055803996931255e-30
1553   5.13830442175992309930e-29
1554  -8.58661505775205048874e-11
1555   4.21658275296770894427e-30
1556   3.27682715602353532528e-29
1557   3.39730182168567196025e-10
1558   4.15149367375033178184e-30
1559   3.04721449547320537353e-29
1560   5.63365123178339207331e-10
1561   4.40126508861273283568e-30
1562   2.99892368086376376144e-29
1563  -6.84828298815130854513e-10
1564   8.52401951019760079629e-30
1565   4.40117090616098015772e-29
1566  -5.27749352670894413697e-11
1567   3.77529162549675475188e-30
1568   3.50702979221338384551e-30
1569   2.81784823873609584547e-29
1570   2.61652565370551438995e-29
1571  -8.34026712690593735178e-10
1572   1.96078312212916668865e-10
