%%MatrixMarket vector coordinate real general
1572
1  -9.15379248467358862118e-16
2  -6.92482371023959333048e-15
3   1.15373162004447727384e-13
4   0.00000000000000000000e+00
5  -6.98892902659890660025e-15
6   1.05425526687523362622e-13
7   0.00000000000000000000e+00
8   1.19449760165038388913e-14
9   0.00000000000000000000e+00
10  -9.66110129088556431447e-16
11  -5.99995358942726267260e-15
12  -2.16213204084879753014e-14
13   3.61882906453135929450e-13
14   0.00000000000000000000e+00
15   1.20324576802412268689e-13
16   0.00000000000000000000e+00
17   1.92043896959246701209e-14
18   0.00000000000000000000e+00
19  -1.47793834482521462626e-14
20   2.08028748213155665529e-13
21   0.00000000000000000000e+00
22  -4.14193384678148609491e-15
23   5.32599618560446409932e-14
24   0.00000000000000000000e+00
25  -9.59091729529819627419e-16
26   2.51799160431954253260e-14
27   0.00000000000000000000e+00
28  -3.27445292232593552932e-15
29  -1.82190485803956527506e-14
30  -1.01111246968106006986e-13
31   1.79636291373548501719e-12
32   4.04745514180214811195e-13
33   0.00000000000000000000e+00
34   0.00000000000000000000e+00
35   9.25695091261238107214e-14
36   0.00000000000000000000e+00
37  -1.82216438487365817759e-14
38   3.06759202398497417848e-13
39   0.00000000000000000000e+00
40  -3.19353900763827864210e-14
41   4.01977659894521306792e-13
42   0.00000000000000000000e+00
43  -1.43289624758012036953e-16
44  -7.71397637040319808141e-16
45   4.25364807084339442321e-15
46   2.28278288350001508992e-14
47   0.00000000000000000000e+00
48   0.00000000000000000000e+00
49  -4.31728717752148512483e-15
50   1.45326101725411332414e-13
51   0.00000000000000000000e+00
52  -1.05253345661563424428e-14
53  -6.08347299593837592087e-14
54   1.40720548243391965496e-12
55   0.00000000000000000000e+00
56   3.05314381875349192716e-13
57   0.00000000000000000000e+00
58  -8.26188958172626706880e-14
59  -1.20299634746905122249e-13
60   1.47098956172183784137e-12
61   1.69011579643767345617e-12
62   0.00000000000000000000e+00
63   0.00000000000000000000e+00
64  -2.01639078160574229108e-13
65   2.29141325048707618113e-12
66   0.00000000000000000000e+00
67  -4.12420457753799191798e-13
68   8.77544967408464583933e-12
69   0.00000000000000000000e+00
70  -1.64611350279712603809e-16
71   7.33953038293870517115e-15
72   0.00000000000000000000e+00
73  -6.26892926639644613074e-16
74  -2.11411746728435992990e-15
75   8.83829450623263771152e-14
76   2.88533909878439751803e-14
77   0.00000000000000000000e+00
78   0.00000000000000000000e+00
79  -9.85242719447470496848e-15
80  -1.01593569428551211551e-14
81   3.89200423769683031129e-13
82   3.64329696471547705201e-13
83   0.00000000000000000000e+00
84   0.00000000000000000000e+00
85  -7.25157053145531615549e-14
86   1.93813153931897786248e-12
87   0.00000000000000000000e+00
88  -2.65465513465185088654e-13
89   7.16475744478260109884e-12
90   0.00000000000000000000e+00
91  -8.02495475989532050717e-13
92   1.77177485391160823835e-11
93   0.00000000000000000000e+00
94  -1.50981275101003981023e-12
95   2.85574040118773379400e-11
96   0.00000000000000000000e+00
97  -1.10440689776403686214e-12
98  -1.16591888398273686370e-12
99   1.56069231144631941186e-11
100   1.65993026878498098532e-11
101   0.00000000000000000000e+00
102   0.00000000000000000000e+00
103  -2.39224964489565062748e-13
104   3.84661342113868925799e-12
105   0.00000000000000000000e+00
106  -8.28419341641474299558e-17
107  -9.96376993413373113323e-16
108   1.29482622095711119969e-14
109   6.17282479270861599562e-14
110   0.00000000000000000000e+00
111   0.00000000000000000000e+00
112  -4.33319264782318805783e-15
113   4.36218965810707441397e-13
114   0.00000000000000000000e+00
115  -2.45117622568737845984e-14
116  -1.37048769781092273610e-13
117  -4.80387053691740848976e-13
118   6.98129167040861989920e-12
119   1.50753514350123286248e-11
120   0.00000000000000000000e+00
121   0.00000000000000000000e+00
122  -1.37482544835677310669e-12
123   3.37573684739738908348e-11
124   0.00000000000000000000e+00
125  -2.79012750852281395885e-12
126  -5.25370844476339151657e-12
127   8.69938735359237221148e-11
128   5.24046603095461424322e-11
129   0.00000000000000000000e+00
130   0.00000000000000000000e+00
131  -2.07459204234834669729e-14
132   2.17320378180465088531e-12
133   7.73044990064602057213e-13
134   0.00000000000000000000e+00
135   0.00000000000000000000e+00
136  -4.21092866533623308423e-14
137   1.34252311405584251779e-12
138   0.00000000000000000000e+00
139  -3.22019146100501429507e-12
140   4.36177300175102779894e-11
141   0.00000000000000000000e+00
142  -2.27499535725871073224e-17
143   4.76617365475114971692e-16
144  -5.56093698522492923531e-15
145   2.47476982607731597630e-13
146   1.34193021749108103259e-12
147   0.00000000000000000000e+00
148   0.00000000000000000000e+00
149  -5.22493503246945065516e-14
150   5.77961921060381558663e-12
151   0.00000000000000000000e+00
152  -2.05786445638908647758e-13
153   1.14551954336756169643e-11
154   0.00000000000000000000e+00
155  -1.32688142768287742845e-12
156   4.59932866450903630670e-11
157   0.00000000000000000000e+00
158  -3.30331263552040603478e-12
159   9.09229901333520759329e-11
160   0.00000000000000000000e+00
161  -2.48640619282150645196e-12
162   5.45284210740652457434e-11
163   0.00000000000000000000e+00
164  -5.70546922153302016684e-12
165   9.98597843881027870042e-11
166   0.00000000000000000000e+00
167  -1.16464089417453155133e-11
168  -1.07845890209689203053e-11
169   1.44280090586666403223e-10
170   0.00000000000000000000e+00
171   1.79950265848071524944e-10
172   0.00000000000000000000e+00
173   8.39212645702390706195e-14
174   0.00000000000000000000e+00
175   1.93801487198325234546e-16
176   2.40824048446550990910e-14
177   0.00000000000000000000e+00
178   6.69734222532548763224e-16
179   4.08629104873373387715e-16
180   1.71516682074905190991e-14
181   1.27879561643345354140e-13
182   0.00000000000000000000e+00
183   0.00000000000000000000e+00
184   2.06994037949644937339e-15
185   1.83949589302867679255e-16
186   1.33407766881999952676e-12
187   5.31829073659348171192e-13
188   0.00000000000000000000e+00
189   0.00000000000000000000e+00
190   2.68898853318990876227e-14
191  -7.67274858589692237152e-15
192  -1.67554195152482987285e-13
193   1.41520690054283918810e-11
194   3.67075733122437545113e-12
195   0.00000000000000000000e+00
196   0.00000000000000000000e+00
197   2.59675810361017449775e-12
198   0.00000000000000000000e+00
199  -2.74109469179605640075e-16
200   1.43543153165877398760e-12
201   0.00000000000000000000e+00
202  -7.53154208760088132881e-13
203  -4.29752385187996206476e-12
204  -1.32187219451825739821e-11
205   3.48005551758723603230e-10
206   1.62238708230503109889e-10
207   0.00000000000000000000e+00
208   0.00000000000000000000e+00
209   4.23327265347848296425e-11
210   0.00000000000000000000e+00
211  -1.10293869882093380690e-11
212  -9.01319017917954369432e-12
213  -4.86461059231355493131e-11
214  -1.14232355407997623552e-11
215   1.71808254927937504878e-10
216   7.27614858009071878643e-10
217   0.00000000000000000000e+00
218   0.00000000000000000000e+00
219   1.65707653160612339147e-10
220   0.00000000000000000000e+00
221   2.41209419410495714308e-10
222   0.00000000000000000000e+00
223   4.96771144574318440640e-17
224   1.61774731830726700068e-15
225   0.00000000000000000000e+00
226   1.18898262480569149508e-15
227   6.76177719883650750203e-14
228   0.00000000000000000000e+00
229   9.27526520500357454455e-16
230   4.74457620763277468711e-14
231   0.00000000000000000000e+00
232   1.83925835725710630826e-15
233   4.36335961493506813831e-13
234   0.00000000000000000000e+00
235  -1.23059131711772717988e-15
236   1.59367274851933179570e-13
237   0.00000000000000000000e+00
238   7.49273322419353564828e-15
239   4.59515490098120045631e-13
240   0.00000000000000000000e+00
241   4.85016968359615549896e-14
242   1.90990950741354081023e-12
243   0.00000000000000000000e+00
244   1.77976866220883387222e-13
245   4.40803443852794274567e-13
246   7.92238699298870728430e-12
247   3.46621874450735585412e-11
248   0.00000000000000000000e+00
249   0.00000000000000000000e+00
250  -3.13368959989578606766e-12
251   2.69239014190532063497e-10
252   0.00000000000000000000e+00
253  -2.95431119463871889448e-11
254   1.26584624464981582741e-09
255   0.00000000000000000000e+00
256  -5.74949450277878319619e-11
257   1.90073498385436528222e-09
258   0.00000000000000000000e+00
259  -2.42263608097863700265e-11
260   5.43544937720553119821e-10
261   0.00000000000000000000e+00
262  -3.05288679020181003175e-11
263  -1.44989402909621864440e-10
264   2.48170496953127917497e-09
265   6.13008820956331373785e-10
266   0.00000000000000000000e+00
267   0.00000000000000000000e+00
268  -3.41395848346417462429e-11
269  -7.53078979159728037447e-12
270   1.18136037184143043323e-10
271   5.33277511318336798074e-10
272   0.00000000000000000000e+00
273   0.00000000000000000000e+00
274   5.63466994298685607949e-16
275   3.46205678447159812975e-14
276   0.00000000000000000000e+00
277   6.33469830683995857910e-15
278   5.67818844860180671929e-15
279   4.94137400218919595739e-14
280   1.90471471108716204723e-13
281   1.54293116299320465759e-12
282   0.00000000000000000000e+00
283   0.00000000000000000000e+00
284   2.67016753861929422884e-13
285   7.11797802499510436668e-12
286   0.00000000000000000000e+00
287   1.56590994725662875081e-12
288   6.41153060361351510807e-11
289   0.00000000000000000000e+00
290  -1.28796341798437060304e-11
291  -1.42080036877953562998e-10
292   6.31279609596256322941e-09
293   0.00000000000000000000e+00
294  -2.68705060364815821266e-10
295   9.85471718506512872282e-09
296   0.00000000000000000000e+00
297  -2.89246217479521606250e-10
298   6.31619858561518080709e-09
299   0.00000000000000000000e+00
300  -3.42521734371625627084e-10
301   6.94042892691794590297e-09
302   0.00000000000000000000e+00
303  -7.35917805295722674676e-11
304  -3.59291540826681736651e-11
305   6.59448355065815809799e-10
306   0.00000000000000000000e+00
307  -9.73339177615042789582e-12
308   1.63894270521960464697e-10
309   0.00000000000000000000e+00
310   1.52629215297816472095e-13
311   0.00000000000000000000e+00
312   1.07023620267084940636e-09
313   0.00000000000000000000e+00
314  -6.09117041179414547834e-11
315  -4.45843891320338809829e-11
316   1.66100815416171302652e-09
317   9.18770113912640601103e-10
318   0.00000000000000000000e+00
319   0.00000000000000000000e+00
320   1.37259753484257912930e-09
321   0.00000000000000000000e+00
322  -1.42174383982301549272e-11
323  -5.79068232392453952008e-11
324   3.13767313819722634989e-09
325   6.62158403259245699905e-10
326   0.00000000000000000000e+00
327   0.00000000000000000000e+00
328  -6.03906276733128762412e-10
329  -1.45134108997568561620e-09
330   2.09260697959512195607e-08
331   3.93427322190989991301e-08
332   0.00000000000000000000e+00
333   0.00000000000000000000e+00
334  -8.59953438383406221950e-10
335   1.77947587296566937892e-08
336   0.00000000000000000000e+00
337  -1.97931591874392439697e-10
338   4.25257098383214099080e-09
339   0.00000000000000000000e+00
340  -4.09337070124387498223e-11
341   7.93843647788305722267e-10
342   0.00000000000000000000e+00
343  -4.36880631333258819761e-11
344   8.38420897335143320166e-10
345   0.00000000000000000000e+00
346  -8.66912135357639867482e-11
347   4.28381665006791397494e-09
348   0.00000000000000000000e+00
349  -6.83001497300744722858e-10
350  -1.94054328067164846028e-09
351   5.37919481173773254675e-08
352   0.00000000000000000000e+00
353   2.53981131799442416054e-08
354   0.00000000000000000000e+00
355  -4.37642586454431161645e-09
356  -5.56342626319457274104e-10
357   1.13417775318048399096e-07
358   1.32487643623002569806e-08
359   0.00000000000000000000e+00
360   0.00000000000000000000e+00
361  -4.43287005654485952423e-10
362   1.12839114734182716662e-08
363   0.00000000000000000000e+00
364  -7.95052565655026398459e-11
365  -1.52351745092710805442e-10
366   4.37769086154312209180e-09
367   0.00000000000000000000e+00
368   1.71379288156455333806e-09
369   0.00000000000000000000e+00
370  -1.37195629515646899223e-10
371   2.99058658368380188941e-09
372   0.00000000000000000000e+00
373  -2.06426160988816600859e-10
374  -4.90940655841995504498e-09
375   2.05126672759482856583e-08
376   1.90266142182602810351e-07
377   0.00000000000000000000e+00
378   0.00000000000000000000e+00
379  -1.28996067626270089128e-08
380   4.24460318908402779752e-07
381   0.00000000000000000000e+00
382  -2.90318165885083297489e-09
383   9.57104333787326080110e-08
384   0.00000000000000000000e+00
385  -7.95448161073721743582e-10
386  -2.19295704564010111597e-09
387   2.65719490324852470504e-08
388   7.04154235327680782600e-08
389   0.00000000000000000000e+00
390   0.00000000000000000000e+00
391  -3.85771342858418431142e-10
392  -5.58309104400118954637e-10
393   1.03329584561188350895e-08
394   2.06609325086879628497e-08
395   0.00000000000000000000e+00
396   0.00000000000000000000e+00
397  -7.97385661222939051250e-10
398   2.40892108003288597532e-08
399   0.00000000000000000000e+00
400  -1.87929926676743831099e-09
401   6.65211264319328950990e-08
402   0.00000000000000000000e+00
403  -4.39683138949243121571e-10
404  -2.50995958704913234256e-09
405   2.60669951768013883964e-08
406   1.24653858752830217841e-07
407   0.00000000000000000000e+00
408   0.00000000000000000000e+00
409  -1.58846373199510949261e-08
410  -1.75809843796086466743e-08
411   5.72832248015475215984e-07
412   6.89450387240454598554e-07
413   0.00000000000000000000e+00
414   0.00000000000000000000e+00
415  -6.91612511553039775725e-09
416   2.64162691216529863119e-07
417   0.00000000000000000000e+00
418  -3.19328463742445110166e-09
419   1.60273358832927516236e-07
420   0.00000000000000000000e+00
421  -3.24899243043320631062e-09
422   1.49482837843848321965e-07
423   0.00000000000000000000e+00
424  -1.26004228467046620375e-09
425   5.13902316158613735042e-08
426   0.00000000000000000000e+00
427  -7.45288806610119438499e-10
428   2.98376766373515705625e-08
429   0.00000000000000000000e+00
430  -6.54492780407476984762e-10
431   4.63983596368353437480e-08
432   0.00000000000000000000e+00
433  -9.22450956460659005847e-09
434  -1.59953399821223583179e-08
435  -6.88760662444291300616e-09
436   5.98816079337543981560e-07
437   3.01693342418644019327e-07
438   0.00000000000000000000e+00
439   0.00000000000000000000e+00
440  -4.64170548829598070359e-09
441  -5.26573872597995969564e-09
442  -4.38099611675175246825e-09
443  -3.94734843057113373789e-09
444   1.89465934760774509427e-07
445   2.41490706920078309707e-07
446   0.00000000000000000000e+00
447   0.00000000000000000000e+00
448   2.64975757371769214344e-07
449   0.00000000000000000000e+00
450   2.27772138457125768872e-07
451   0.00000000000000000000e+00
452   3.81024560458779862375e-07
453   0.00000000000000000000e+00
454  -3.40659676470924142944e-10
455   1.90062545650411470304e-08
456   0.00000000000000000000e+00
457  -2.96374963961113544136e-10
458   3.51634125901091411299e-08
459   0.00000000000000000000e+00
460  -3.85566454216076353359e-09
461  -9.20917438152120130223e-09
462   5.10737995920459492706e-07
463   0.00000000000000000000e+00
464   2.40999307188047377387e-07
465   0.00000000000000000000e+00
466  -2.27155016676609584074e-09
467   1.20100557174483578187e-07
468   0.00000000000000000000e+00
469  -3.33935583873687205682e-09
470   2.14051983949043091585e-07
471   0.00000000000000000000e+00
472  -2.83753402673649101951e-09
473   1.52444740999106221133e-07
474   0.00000000000000000000e+00
475  -2.92441220382292657500e-09
476  -4.38211671827244448816e-09
477   2.31005996576861898399e-07
478   0.00000000000000000000e+00
479   1.62162389835645570050e-07
480   0.00000000000000000000e+00
481  -5.24050920182599736026e-09
482   3.55655402621499724465e-07
483   0.00000000000000000000e+00
484  -1.20635104270805631145e-09
485   7.40844385139948431340e-08
486   0.00000000000000000000e+00
487  -2.81760550421378249537e-10
488   2.03931412447181396720e-08
489   0.00000000000000000000e+00
490  -9.73057440683583964833e-11
491   1.16029737156068579598e-08
492   0.00000000000000000000e+00
493  -6.28549633100618357912e-09
494   5.99310007263578028391e-07
495   0.00000000000000000000e+00
496  -3.05777253482110864776e-09
497  -1.09053036428631931894e-11
498  -1.16207296763712083558e-09
499   2.56596842382583805611e-07
500   1.77112430822347524711e-07
501   0.00000000000000000000e+00
502   0.00000000000000000000e+00
503  -8.38680849846737189602e-10
504   1.29521916858574856142e-07
505   0.00000000000000000000e+00
506  -1.36015483197960482813e-09
507   8.58429242815279688344e-08
508   0.00000000000000000000e+00
509  -2.44878429513814298778e-09
510   1.38427433053661636674e-07
511   0.00000000000000000000e+00
512  -2.33926957887180807189e-09
513  -1.32734404114134266616e-09
514   9.77141443061877365099e-08
515   1.23903718605656646738e-07
516   0.00000000000000000000e+00
517   0.00000000000000000000e+00
518  -2.35389695048624557913e-10
519   5.82930520110980651918e-08
520   0.00000000000000000000e+00
521   3.34620839133183530597e-07
522   0.00000000000000000000e+00
523  -2.96385813607427756068e-10
524   2.04137873583286045472e-08
525   0.00000000000000000000e+00
526  -4.12789291432283335765e-11
527   5.83610173674211266223e-12
528   2.26811520989911455469e-11
529   7.69724857548637400972e-11
530   5.66144086144455373790e-11
531   0.00000000000000000000e+00
532   0.00000000000000000000e+00
533   1.72019133396856986563e-10
534   0.00000000000000000000e+00
535   1.51053497505011094061e-08
536   5.67940452371817967167e-09
537   1.61613056426128741740e-06
538   5.89168306375462412131e-07
539   0.00000000000000000000e+00
540   0.00000000000000000000e+00
541   4.54129180099658916148e-09
542   1.85563080364227701270e-09
543   1.69241681028191117874e-07
544   0.00000000000000000000e+00
545   2.84450793758371997668e-07
546   0.00000000000000000000e+00
547  -1.23399454197238606836e-09
548  -9.43217812814543597850e-09
549   6.20632857354142364536e-07
550   0.00000000000000000000e+00
551   1.02787537886675394447e-07
552   0.00000000000000000000e+00
553   4.27352757497697189021e-10
554   7.81940328650999851904e-11
555   5.52834758151567833169e-08
556   8.12830956256566921895e-08
557   0.00000000000000000000e+00
558   0.00000000000000000000e+00
559  -3.92214158151692224026e-10
560  -1.40035280481827815217e-09
561  -6.10616911467955757708e-10
562   9.05761397301448931910e-08
563   5.30361318056228080928e-08
564   4.08011033408781383025e-08
565   0.00000000000000000000e+00
566   0.00000000000000000000e+00
567   0.00000000000000000000e+00
568  -5.82034644775428753277e-10
569   4.11715767896815013233e-08
570   0.00000000000000000000e+00
571  -1.50624590300225221986e-10
572   2.45538077511062065213e-11
573   1.46427842217754500769e-08
574   1.11786752488639272394e-08
575   0.00000000000000000000e+00
576   0.00000000000000000000e+00
577  -6.52606255485149105359e-11
578   9.92870341865688883256e-09
579   0.00000000000000000000e+00
580   2.41639577506829285489e-13
581  -1.41415847788515370479e-12
582   0.00000000000000000000e+00
583   4.98715848042764226797e-08
584   4.93483550999730920891e-08
585   6.98580842476609826565e-06
586   6.22479262355907829533e-06
587   0.00000000000000000000e+00
588   0.00000000000000000000e+00
589   2.37981745857367445263e-08
590   1.78923659482131400187e-08
591   7.75827640554055839527e-07
592   1.36092439123334553961e-06
593   0.00000000000000000000e+00
594   0.00000000000000000000e+00
595   2.38004104308913278154e-08
596   7.97187632986470233581e-07
597   0.00000000000000000000e+00
598   2.48945083666493343939e-09
599   8.59643964450246470903e-08
600   0.00000000000000000000e+00
601   7.96490393703887191656e-10
602   3.42704922608073404254e-08
603   0.00000000000000000000e+00
604   1.46184843180624927559e-09
605   4.39557091344550949417e-08
606   0.00000000000000000000e+00
607   1.39864024916879269078e-10
608  -1.04690535137030709048e-10
609   1.70757154162352745038e-08
610   0.00000000000000000000e+00
611   2.89096066497800791231e-08
612   0.00000000000000000000e+00
613  -8.09507656795588031845e-09
614   5.63964106361955966086e-07
615   0.00000000000000000000e+00
616  -1.87831085565989169179e-10
617   1.45959794047214829353e-08
618   0.00000000000000000000e+00
619  -4.13310832891422490690e-11
620   8.78323707114204849960e-09
621   0.00000000000000000000e+00
622   8.68068057958350456091e-13
623   1.55842953198007097317e-09
624   0.00000000000000000000e+00
625   9.84615424141183698598e-08
626   2.89120515593657599028e-07
627   1.18319937610466046962e-05
628   2.04000124949555685023e-05
629   0.00000000000000000000e+00
630   0.00000000000000000000e+00
631   6.78975232701559377547e-08
632   6.05180130309067041242e-08
633   2.42384025611577321087e-06
634   0.00000000000000000000e+00
635   3.37294473004837339506e-06
636   0.00000000000000000000e+00
637  -3.13184084626993787891e-09
638   1.07621229048548412886e-07
639   3.07946761313930394136e-06
640   2.23469114332903270490e-05
641   0.00000000000000000000e+00
642   0.00000000000000000000e+00
643   5.56977070593315240272e-08
644   9.95440700004502479806e-08
645   2.37974147600254317059e-06
646   0.00000000000000000000e+00
647   1.75201641652008729234e-06
648   0.00000000000000000000e+00
649   4.82434974034729909313e-09
650   3.68518445282502988806e-09
651   1.04276633860548158736e-07
652   6.56145010635076438570e-08
653   0.00000000000000000000e+00
654   0.00000000000000000000e+00
655   1.11141512376305269374e-08
656   2.58058609196014388377e-07
657   0.00000000000000000000e+00
658   2.14263315194293015519e-10
659   5.97030194788721936546e-10
660   8.39718024655599983939e-09
661   1.15662994254616187742e-08
662   0.00000000000000000000e+00
663   0.00000000000000000000e+00
664   5.42678616430198512435e-11
665  -2.19693616244217346461e-11
666   2.30754727330673514535e-09
667   3.01477628854082819274e-09
668   0.00000000000000000000e+00
669   0.00000000000000000000e+00
670  -2.47491580680548118753e-11
671   1.68247790707452026468e-12
672   1.51589651529156895760e-09
673   1.05135034413687661150e-09
674   0.00000000000000000000e+00
675   0.00000000000000000000e+00
676   5.58764122157188455890e-12
677   1.42444444867413087659e-09
678   0.00000000000000000000e+00
679   5.72662590096306104381e-11
680   1.21809468570287125170e-09
681   0.00000000000000000000e+00
682   4.09141776159323886341e-07
683   1.16374888487592063854e-06
684   6.55665405696856146318e-05
685   4.56861911712556608214e-05
686   0.00000000000000000000e+00
687   0.00000000000000000000e+00
688   2.27885060499501031285e-07
689   7.88824942469048856920e-05
690   0.00000000000000000000e+00
691  -7.42171699343257008346e-08
692   1.08635260564156550697e-05
693   0.00000000000000000000e+00
694   8.23605062668479019430e-07
695   2.66581900547753380851e-05
696   0.00000000000000000000e+00
697   2.77583688469628589051e-07
698   1.06091968510320804846e-07
699   2.46293501294548121950e-08
700   2.68067730346695947381e-06
701   5.26244599793190807794e-07
702   0.00000000000000000000e+00
703   0.00000000000000000000e+00
704   1.82936361526603920675e-08
705   3.23524268052731822853e-07
706   0.00000000000000000000e+00
707   1.96947597974727935227e-09
708   2.88271116638403899858e-08
709   0.00000000000000000000e+00
710   2.93852188971597114270e-10
711   5.20901542231680813325e-09
712   0.00000000000000000000e+00
713   1.33018577503373001821e-07
714   5.43844889793931053612e-06
715   0.00000000000000000000e+00
716   8.02568547001918963823e-06
717   0.00000000000000000000e+00
718   5.55552383431371677361e-12
719   2.40743737609685016401e-12
720   1.46388083287612000850e-10
721   1.90161553863424465491e-11
722   0.00000000000000000000e+00
723   0.00000000000000000000e+00
724   1.42923595497144652115e-12
725   2.73853055003337895820e-11
726   0.00000000000000000000e+00
727   5.10209012434808271659e-13
728  -4.87601072821104683405e-12
729   8.85735423515001909838e-11
730   1.36482434590196622033e-12
731   0.00000000000000000000e+00
732   0.00000000000000000000e+00
733   1.68184798268583106373e-06
734   1.64371272810029926291e-04
735   0.00000000000000000000e+00
736   3.19677968635281403950e-06
737   2.00598695084502562109e-04
738   0.00000000000000000000e+00
739   1.17039399627301044845e-06
740   3.73309990838395950067e-05
741   0.00000000000000000000e+00
742   3.51865011946633481652e-07
743   1.12846998507584957882e-05
744   0.00000000000000000000e+00
745   3.00553263164774224998e-07
746   2.96756078434162796570e-08
747   8.42724867810531176019e-06
748   1.10538567411535080416e-06
749   0.00000000000000000000e+00
750   0.00000000000000000000e+00
751   1.14203106316309122533e-08
752   2.84413712423352475904e-07
753   0.00000000000000000000e+00
754   1.82194940438226713994e-09
755   3.99416854600222619857e-09
756   7.50967409718049342723e-08
757   0.00000000000000000000e+00
758   4.50648607524267341564e-08
759   0.00000000000000000000e+00
760   1.80013751413830052820e-07
761   7.17399806529490756271e-05
762   0.00000000000000000000e+00
763   2.55676313238396870240e-08
764   1.50186710015327651242e-05
765   0.00000000000000000000e+00
766   1.19517608415888047947e-08
767   9.23518664858014552829e-06
768   0.00000000000000000000e+00
769   6.55736740115804015762e-07
770   9.30995533781032666171e-05
771   0.00000000000000000000e+00
772   5.24665525319631530305e-15
773   1.18076610242324998634e-13
774  -4.49175265500374319223e-13
775   0.00000000000000000000e+00
776  -2.89844869955291780561e-14
777   0.00000000000000000000e+00
778  -1.76632750377120847887e-13
779   1.66910164436862499073e-13
780  -1.69957011164137270208e-13
781  -1.68372969586545555947e-13
782   0.00000000000000000000e+00
783   0.00000000000000000000e+00
784   5.36825977088783313628e-06
785   2.31348686881051795878e-06
786   3.54737780113216797859e-04
787   1.69952286124286849412e-04
788   0.00000000000000000000e+00
789   0.00000000000000000000e+00
790   6.32836962276739572349e-07
791   4.85087488642441653532e-05
792   0.00000000000000000000e+00
793   5.21428889865435662231e-07
794   2.57726087957676500628e-05
795   0.00000000000000000000e+00
796   8.52243107992234254603e-08
797   3.48875080544840750042e-06
798   0.00000000000000000000e+00
799   2.40840291187366832631e-08
800   9.27361008098593064243e-07
801   0.00000000000000000000e+00
802   5.17345520461488588425e-10
803   2.71462141751223228157e-10
804   4.56586058474533223364e-08
805   9.10630007197969547388e-09
806   0.00000000000000000000e+00
807   0.00000000000000000000e+00
808  -6.56633269939248124547e-07
809  -5.37142244772334003229e-07
810   8.37323917036575913770e-05
811   1.43357494199536508002e-04
812   0.00000000000000000000e+00
813   0.00000000000000000000e+00
814   5.61513277443322253752e-07
815   1.03187930178239405522e-04
816   0.00000000000000000000e+00
817  -1.26400366691598984650e-07
818   1.82120966882264605409e-05
819   0.00000000000000000000e+00
820  -3.86482575167464012766e-08
821   2.54709777940205374500e-06
822   0.00000000000000000000e+00
823   2.58827009495707734870e-06
824   1.87625242466131069308e-04
825   0.00000000000000000000e+00
826   4.02506363595046680966e-06
827   2.32942019885352279471e-06
828   3.08969006910180898993e-04
829   3.08770483152260102628e-04
830   0.00000000000000000000e+00
831   0.00000000000000000000e+00
832   2.35130857637295667868e-06
833   1.55494865270488748709e-04
834   0.00000000000000000000e+00
835   6.21100159424212963726e-07
836   4.03517274619011971355e-05
837   0.00000000000000000000e+00
838  -7.94084733245108425266e-11
839   5.44078792052250476372e-12
840   0.00000000000000000000e+00
841  -6.22122582317984331728e-07
842  -1.91068493609336353714e-06
843   5.59779570958714791122e-05
844   2.05959217899714735426e-04
845   0.00000000000000000000e+00
846   0.00000000000000000000e+00
847  -2.37976336950984384940e-08
848   5.40826070082864427020e-04
849   0.00000000000000000000e+00
850  -1.02298471533406870573e-07
851   1.06185628783664608469e-05
852   0.00000000000000000000e+00
853  -1.44038506040851278987e-07
854   7.89821280392510566661e-06
855   0.00000000000000000000e+00
856  -1.14724265896222255415e-08
857  -3.07327723369677544310e-09
858   6.26444159148174479896e-07
859   1.14490906854028690745e-08
860   0.00000000000000000000e+00
861   0.00000000000000000000e+00
862   8.55375592974621894171e-06
863   6.05018765992097360892e-04
864   0.00000000000000000000e+00
865   5.63028896573931471277e-06
866   4.76311345632719155413e-04
867   0.00000000000000000000e+00
868   1.12074720797367025587e-06
869   7.00114431831021054439e-05
870   0.00000000000000000000e+00
871   4.90157373634574976653e-06
872   1.04823076839652678388e-03
873   0.00000000000000000000e+00
874   6.55065305632036203390e-06
875   1.95055716552022307721e-03
876   0.00000000000000000000e+00
877  -4.14491158069766798812e-06
878   4.84341276658430651414e-04
879   0.00000000000000000000e+00
880  -1.49609740007145511855e-06
881   9.93263361274878130462e-05
882   0.00000000000000000000e+00
883  -4.44169733761389641649e-09
884  -1.07420940054679877979e-08
885  -8.21613088217794797268e-09
886   4.38054706357055442585e-08
887   2.01722844440858760915e-08
888   0.00000000000000000000e+00
889   0.00000000000000000000e+00
890  -8.51481769801446012090e-10
891   3.14760577404365425402e-09
892   0.00000000000000000000e+00
893   8.07598554792127610912e-08
894   0.00000000000000000000e+00
895   1.66973941019439259899e-05
896   2.11933045453886719628e-05
897   5.61826935210906923185e-05
898   2.41995055473148311040e-03
899   1.23957322997947415669e-03
900   0.00000000000000000000e+00
901   0.00000000000000000000e+00
902   2.03844401829141172108e-03
903   0.00000000000000000000e+00
904   2.07600821819921798044e-06
905   4.40128596541436292662e-06
906   2.85942381672328648293e-03
907   1.61894739839184634289e-03
908   0.00000000000000000000e+00
909   0.00000000000000000000e+00
910   6.77747730402468397446e-06
911   2.81593825566065229706e-04
912   0.00000000000000000000e+00
913   1.25036974701541927769e-05
914   3.80739208502521532182e-03
915   0.00000000000000000000e+00
916  -3.28585911619691958222e-06
917  -1.14805263333035627843e-06
918   1.29012956963395669695e-04
919   7.81710322062338517149e-04
920   0.00000000000000000000e+00
921   0.00000000000000000000e+00
922  -1.72282333896722840542e-12
923  -1.17681229336641990963e-10
924   0.00000000000000000000e+00
925   8.30343156009818955276e-11
926  -1.83550161935224577003e-10
927   0.00000000000000000000e+00
928  -2.99392417589186538594e-11
929   3.79509158054940827508e-11
930   0.00000000000000000000e+00
931   5.19183150584651836867e-05
932   2.42096229227625780230e-05
933   5.68359493692172004081e-03
934   0.00000000000000000000e+00
935   2.39522070455439518735e-05
936   3.96328802008700034620e-03
937   0.00000000000000000000e+00
938   4.54771495720885252849e-06
939   1.16642363068424417816e-03
940   0.00000000000000000000e+00
941  -1.71505419439003534089e-06
942   5.55373461394458728391e-04
943   0.00000000000000000000e+00
944   8.63805479408840412667e-05
945   6.56600590672538377002e-03
946   0.00000000000000000000e+00
947   1.20566775929995464588e-04
948   4.88711690929084004859e-03
949   0.00000000000000000000e+00
950   4.91859293212970811494e-04
951   1.55331609308660047869e-02
952   0.00000000000000000000e+00
953   7.11289607917513759137e-05
954   1.95487346212595315686e-03
955   0.00000000000000000000e+00
956   7.08569778239648197932e-03
957   0.00000000000000000000e+00
958  -9.78378550656123421506e-15
959  -3.50474324643827097661e-13
960   3.90399771866803775206e-13
961   9.85607459178130332981e-13
962   0.00000000000000000000e+00
963   0.00000000000000000000e+00
964   3.62434222815822225970e-14
965  -4.57289304866527366168e-14
966   0.00000000000000000000e+00
967   6.23913210257300666428e-05
968   5.07650337949290466222e-05
969   1.06762887498395818431e-02
970   5.90036484601972558567e-03
971   0.00000000000000000000e+00
972   0.00000000000000000000e+00
973   3.32352623862332472696e-05
974   2.59555708875507844605e-03
975   0.00000000000000000000e+00
976   1.75378552993053638399e-05
977   1.26047837267101578082e-03
978   0.00000000000000000000e+00
979   7.72569453328367976644e-06
980   5.76936429823334700519e-04
981   0.00000000000000000000e+00
982   2.76915152978090726380e-04
983   5.88733550605923514933e-04
984   1.75537517270788825940e-02
985   2.46891130778974787763e-02
986   0.00000000000000000000e+00
987   0.00000000000000000000e+00
988   2.16414392656997297409e-03
989   6.98434896769459636137e-04
990   6.94278019814118935171e-02
991   1.92394361581578535181e-02
992   0.00000000000000000000e+00
993   0.00000000000000000000e+00
994   1.53733132719076343161e-04
995   3.89246525532538920414e-03
996   0.00000000000000000000e+00
997   1.19706015162183899731e-15
998  -3.60781678524899773991e-15
999   0.00000000000000000000e+00
1000   4.16835251017778543048e-17
1001  -1.43669996175733899199e-16
1002   1.36523431864514333725e-16
1003   2.70658749807286578432e-16
1004   0.00000000000000000000e+00
1005   0.00000000000000000000e+00
1006   2.12311901932973477909e-04
1007   1.14260561401838896430e-04
1008   1.40065327206017497435e-04
1009   5.57618948063294799650e-03
1010   0.00000000000000000000e+00
1011   6.68202600580461870267e-03
1012   0.00000000000000000000e+00
1013   1.31458269626200351110e-02
1014   0.00000000000000000000e+00
1015   6.33970139045026987584e-04
1016   1.97807116443929039210e-03
1017   3.95057675565653465544e-03
1018   1.37282372753151166167e-01
1019   0.00000000000000000000e+00
1020   7.18051092141052532680e-02
1021   0.00000000000000000000e+00
1022   4.56232431892362663706e-02
1023   0.00000000000000000000e+00
1024   5.42120959155435082691e-05
1025   3.23022183475844956377e-03
1026   0.00000000000000000000e+00
1027   6.39110130972391086350e-06
1028   5.90453149658277096946e-04
1029   0.00000000000000000000e+00
1030   1.76116115788978394932e-03
1031   5.67990098749086916308e-02
1032   0.00000000000000000000e+00
1033   3.57004344784324692801e-04
1034   8.81231699709039695279e-03
1035   0.00000000000000000000e+00
1036   1.06475716777765680942e-04
1037   2.28939485247532659162e-03
1038   0.00000000000000000000e+00
1039   3.51518616212035100305e-03
1040   1.09306195769189845590e-01
1041   0.00000000000000000000e+00
1042   5.62932716390966117644e-04
1043   1.04783433186144987054e-03
1044   2.81194887999348976104e-02
1045   4.63546606115961268291e-02
1046   0.00000000000000000000e+00
1047   0.00000000000000000000e+00
1048   7.61736386057331685967e-03
1049   1.39956543613670436610e-02
1050   2.87579135445856282072e-01
1051   4.89342769068108085495e-01
1052   0.00000000000000000000e+00
1053   0.00000000000000000000e+00
1054   6.41127806219656069114e-03
1055   2.10247761783963982296e-01
1056   0.00000000000000000000e+00
1057   1.05497794507466535578e-03
1058   2.15621616046456909821e-02
1059   0.00000000000000000000e+00
1060   3.68058282352018005957e-04
1061   9.18722711632808351767e-03
1062   0.00000000000000000000e+00
1063   9.72149842649681076223e-05
1064   1.93455474074909856627e-03
1065   0.00000000000000000000e+00
1066   6.68402655103330647045e-04
1067   5.08808026509074691306e-04
1068   2.12752701865837993978e-02
1069   1.55225351257590009346e-02
1070   0.00000000000000000000e+00
1071   0.00000000000000000000e+00
1072   2.71927780466960672292e-05
1073   1.21799141094661894543e-05
1074   3.93622764625148834593e-04
1075   1.24590475959847433313e-03
1076   0.00000000000000000000e+00
1077   0.00000000000000000000e+00
1078   6.68920914651024945216e-06
1079   3.19254529410102443326e-04
1080   0.00000000000000000000e+00
1081   5.31526746902581150034e-03
1082   1.14984643774546906742e-02
1083   1.74448611252481428080e-01
1084   3.85024003024458549849e-01
1085   0.00000000000000000000e+00
1086   0.00000000000000000000e+00
1087   1.13257584067415137397e-02
1088   3.90195579008003279320e-01
1089   0.00000000000000000000e+00
1090   8.85147090118767326805e-03
1091   3.92277725620912478405e-03
1092   1.10349384366116944935e-03
1093   1.34021665975739084908e-01
1094   2.87480930311465668336e-02
1095   0.00000000000000000000e+00
1096   0.00000000000000000000e+00
1097   2.71542410329892293722e-04
1098   8.45881085902767281730e-05
1099   1.90481556239965898504e-03
1100   6.25960287450963350636e-03
1101   0.00000000000000000000e+00
1102   0.00000000000000000000e+00
1103   1.90692664077680767640e-03
1104   5.31041292465207689921e-02
1105   0.00000000000000000000e+00
1106   1.86853205606165857604e-03
1107   4.99092502558863282403e-02
1108   0.00000000000000000000e+00
1109   3.21913976196752779548e-04
1110   1.02217367434048113264e-04
1111   2.13210751863824937366e-03
1112   6.23345697789042321735e-03
1113   0.00000000000000000000e+00
1114   0.00000000000000000000e+00
1115   3.17515197665770299018e-01
1116   0.00000000000000000000e+00
1117   3.33516596065398451755e-05
1118   7.20605494097266928953e-04
1119   0.00000000000000000000e+00
1120   5.44641302840884346638e-05
1121   1.46633880757380727876e-03
1122   0.00000000000000000000e+00
1123   5.91528505665665001872e-03
1124   1.64663443797309599903e-01
1125   0.00000000000000000000e+00
1126   1.66686920137861568220e-03
1127   4.04214815843457753175e-02
1128   0.00000000000000000000e+00
1129   3.99001642559590073613e-04
1130   8.37388147601830432065e-03
1131   0.00000000000000000000e+00
1132   7.34508932847500805663e-05
1133   1.14040901534739587755e-03
1134   0.00000000000000000000e+00
1135   3.12686991841098937852e-05
1136   4.83965994935362550482e-04
1137   0.00000000000000000000e+00
1138   4.06243036093875513337e-03
1139   1.36345806456499102355e-01
1140   0.00000000000000000000e+00
1141   4.09695987286015986251e-03
1142   3.32645195503868291997e-03
1143   1.22138458367921448611e-01
1144   1.30593166642057306737e-01
1145   0.00000000000000000000e+00
1146   0.00000000000000000000e+00
1147   3.51039203762943102100e-03
1148   2.55341131830237122805e-03
1149   1.09129820664286114607e-01
1150   1.45205788611082881046e-01
1151   0.00000000000000000000e+00
1152   0.00000000000000000000e+00
1153   6.50915485593141392162e-04
1154   6.41468618256243691168e-04
1155   3.18534690775713197342e-02
1156   2.20426630711326662637e-02
1157   0.00000000000000000000e+00
1158   0.00000000000000000000e+00
1159   8.59740246986920070467e-04
1160   2.66989305778461715780e-04
1161   1.91745796216321907901e-02
1162   5.09778789613184787205e-03
1163   0.00000000000000000000e+00
1164   0.00000000000000000000e+00
1165   5.80005880132641315496e-05
1166   1.03004311614701823605e-03
1167   0.00000000000000000000e+00
1168   1.94035708071252301250e-03
1169   2.58142586970156124107e-04
1170   6.10525760846883439048e-02
1171   4.83160830400653721478e-03
1172   0.00000000000000000000e+00
1173   0.00000000000000000000e+00
1174   1.50733899547499431391e-04
1175   2.47227400681311788606e-04
1176   4.36434344964357814195e-03
1177   0.00000000000000000000e+00
1178   3.42040971951859760353e-03
1179   0.00000000000000000000e+00
1180   1.08004479074966675684e-03
1181   3.41850708505534797710e-02
1182   0.00000000000000000000e+00
1183   7.98294122141411199682e-04
1184   2.16998440855167250285e-02
1185   0.00000000000000000000e+00
1186   9.25215041766892635523e-04
1187   7.21671328866552055752e-04
1188   4.19553030072078794732e-02
1189   0.00000000000000000000e+00
1190   4.01074051292874475538e-02
1191   0.00000000000000000000e+00
1192   3.49753058676153681574e-04
1193   2.40332775953871133345e-02
1194   0.00000000000000000000e+00
1195   1.89259360545683340922e-04
1196   9.77326894268566872355e-05
1197   1.85919552537788302683e-04
1198   8.39110904401010014586e-03
1199   8.75839349270792974500e-03
1200   0.00000000000000000000e+00
1201   0.00000000000000000000e+00
1202   1.58560266653979195506e-02
1203   0.00000000000000000000e+00
1204   2.19729596473898779489e-04
1205   6.09055410309396454832e-03
1206   0.00000000000000000000e+00
1207   1.08429249091336900291e-04
1208   1.20234910054006682227e-04
1209   2.16624195347425285013e-03
1210   0.00000000000000000000e+00
1211   2.46185315804415888116e-03
1212   0.00000000000000000000e+00
1213   2.07310107736241496781e-04
1214   7.29317707292642149197e-03
1215   0.00000000000000000000e+00
1216   1.35588097279092499744e-05
1217   2.17780310346175345285e-04
1218   0.00000000000000000000e+00
1219   1.57542778718265641912e-04
1220   2.49502379202497324290e-03
1221   0.00000000000000000000e+00
1222   6.34779681150971562511e-06
1223   1.79333426930801399758e-05
1224   0.00000000000000000000e+00
1225   2.94444218719215488979e-06
1226  -1.06472001194965828103e-05
1227   1.75343347441710919958e-06
1228   1.35942933029344137835e-05
1229   0.00000000000000000000e+00
1230   0.00000000000000000000e+00
1231   1.76610691207889025861e-04
1232   8.79305411021583872475e-06
1233   4.21430386035146192086e-03
1234   8.10099229754984023755e-03
1235   0.00000000000000000000e+00
1236   0.00000000000000000000e+00
1237  -8.82317269337013943714e-06
1238   1.78575090463246638657e-03
1239   0.00000000000000000000e+00
1240   5.67462565391246891383e-05
1241   7.30235419142524332797e-03
1242   0.00000000000000000000e+00
1243   9.00677653671685447432e-06
1244   1.48569128568457336522e-05
1245   2.02253296310707418940e-03
1246   2.45922088127879714253e-03
1247   0.00000000000000000000e+00
1248   0.00000000000000000000e+00
1249   9.87579176982867230081e-05
1250   5.13135092541382436399e-03
1251   0.00000000000000000000e+00
1252   6.92656652180185904025e-05
1253   4.56144279140692645398e-05
1254   2.69982886448587007869e-03
1255   1.28309948428771756872e-03
1256   0.00000000000000000000e+00
1257   0.00000000000000000000e+00
1258   3.37471080103409875597e-05
1259   2.35700730641028767943e-05
1260   2.40343731677562212569e-05
1261   1.53633159498905129273e-05
1262   2.52472143415426349133e-04
1263   3.67891546932365681027e-04
1264   0.00000000000000000000e+00
1265   0.00000000000000000000e+00
1266   4.46282999120090799819e-04
1267   0.00000000000000000000e+00
1268   7.78280840001892596988e-04
1269   0.00000000000000000000e+00
1270   5.86692387734999695560e-08
1271  -3.57370790876742095405e-08
1272   0.00000000000000000000e+00
1273   1.11169340645222272903e-06
1274  -4.77033101078056831522e-06
1275   3.25448400969454299924e-04
1276   1.48200802864612512198e-03
1277   0.00000000000000000000e+00
1278   0.00000000000000000000e+00
1279  -2.65679815805533963598e-06
1280   4.22991118445378128619e-04
1281   0.00000000000000000000e+00
1282  -8.37135936094247786498e-07
1283   8.15811004850627657058e-06
1284   3.78410382413699804445e-04
1285   6.97379195234767838320e-04
1286   0.00000000000000000000e+00
1287   0.00000000000000000000e+00
1288   2.66777387455548605996e-05
1289   2.37744133187183042625e-05
1290   2.88336984614590054470e-05
1291   8.43580078584125776092e-04
1292   0.00000000000000000000e+00
1293   1.05400130308995866948e-03
1294   0.00000000000000000000e+00
1295   1.57836753530062891791e-03
1296   0.00000000000000000000e+00
1297   5.53664177923567728235e-06
1298   1.36259588066976988470e-04
1299   0.00000000000000000000e+00
1300   8.53265199338719430497e-06
1301   1.99252784865112865954e-04
1302   0.00000000000000000000e+00
1303   6.10465753006509116539e-06
1304   5.96004032719544265477e-06
1305   7.85436975321208866261e-05
1306   0.00000000000000000000e+00
1307   3.33098711917393983293e-06
1308   4.42203895207974733176e-05
1309   0.00000000000000000000e+00
1310   1.01398094645702673000e-04
1311   0.00000000000000000000e+00
1312  -1.27439867996236580260e-06
1313  -6.48617549476648782588e-07
1314  -3.72348711989202614960e-07
1315   2.63910773977566669204e-06
1316   3.50240152381811197142e-04
1317   0.00000000000000000000e+00
1318   8.15700881651513643041e-06
1319   7.71213227657664818194e-06
1320   3.59209405439018928698e-04
1321   5.33736830240369333582e-04
1322   0.00000000000000000000e+00
1323   0.00000000000000000000e+00
1324   9.72609691095215815430e-05
1325   5.22911237433721279148e-05
1326   6.82393954868086344192e-05
1327   0.00000000000000000000e+00
1328   0.00000000000000000000e+00
1329   0.00000000000000000000e+00
1330   6.87756519608106060273e-06
1331   2.44167761994291011157e-04
1332   0.00000000000000000000e+00
1333   3.97323559453235562803e-06
1334   1.85710388013277968614e-06
1335   4.46511992126303157847e-05
1336   0.00000000000000000000e+00
1337   1.48634250916864461833e-04
1338   0.00000000000000000000e+00
1339   2.69147367403319266605e-06
1340   1.51410708400096276589e-06
1341   1.02603982573885873529e-06
1342   9.31194070864081665158e-07
1343   1.24869683122841442727e-05
1344   1.20547660328451430037e-05
1345   0.00000000000000000000e+00
1346   0.00000000000000000000e+00
1347   2.08714530857275504271e-05
1348   0.00000000000000000000e+00
1349   4.65099855281446658583e-05
1350   0.00000000000000000000e+00
1351  -2.35061973481531903021e-07
1352   9.91372257151513524057e-06
1353   0.00000000000000000000e+00
1354  -2.15861326266116306005e-07
1355   4.91424281193813679530e-05
1356   0.00000000000000000000e+00
1357   9.12120046682232839693e-07
1358   3.39503765765981771821e-06
1359   1.92712243705742808896e-04
1360   0.00000000000000000000e+00
1361   1.37212924755123361628e-04
1362   0.00000000000000000000e+00
1363   4.30417139906590204870e-06
1364   1.95662824678651279869e-04
1365   0.00000000000000000000e+00
1366   1.49855137472757116894e-06
1367   5.10668945366418310073e-05
1368   0.00000000000000000000e+00
1369   7.50303871020843364894e-07
1370   5.34335095128486798796e-07
1371   9.11125962981055663697e-06
1372   1.60490281328055587999e-05
1373   0.00000000000000000000e+00
1374   0.00000000000000000000e+00
1375   6.22454648163877573126e-07
1376   1.06140351590721109827e-05
1377   0.00000000000000000000e+00
1378   3.36953767334189241986e-07
1379   4.23493579459276628754e-06
1380   0.00000000000000000000e+00
1381  -2.86991265143746355505e-08
1382  -2.69593083633917797482e-07
1383  -9.34519332234554082331e-08
1384   2.70652972110438204282e-05
1385   5.92051858520952575018e-06
1386   0.00000000000000000000e+00
1387   0.00000000000000000000e+00
1388   3.97546357802153931330e-06
1389   0.00000000000000000000e+00
1390   6.14924300459513558211e-08
1391   3.49061173666761321265e-05
1392   0.00000000000000000000e+00
1393   6.06423731686860110208e-07
1394   3.28187307310416506340e-07
1395   3.31660653614377593326e-05
1396   4.13579965514587082932e-05
1397   0.00000000000000000000e+00
1398   0.00000000000000000000e+00
1399   1.17712828301601095914e-06
1400   3.26249407452227813847e-05
1401   0.00000000000000000000e+00
1402   5.00287806847430017674e-07
1403   1.99518514499214014797e-05
1404   0.00000000000000000000e+00
1405   3.43501293253203192294e-07
1406   6.34414413392864696750e-06
1407   0.00000000000000000000e+00
1408   3.14286178193266127668e-07
1409   6.44802086505588862870e-06
1410   0.00000000000000000000e+00
1411   1.25790434162051619865e-07
1412   1.76798643477341051040e-06
1413   0.00000000000000000000e+00
1414   1.30421490639873547811e-07
1415   2.18141316906941626019e-06
1416   0.00000000000000000000e+00
1417  -1.30201893292674578721e-07
1418   7.63930224254790002738e-06
1419   0.00000000000000000000e+00
1420  -1.09103117410426355522e-07
1421   1.01265440452430628275e-05
1422   0.00000000000000000000e+00
1423  -2.24116229546083097424e-08
1424   5.44437555035949555536e-06
1425   0.00000000000000000000e+00
1426  -7.50207359235259140358e-09
1427   1.04155014942452644503e-07
1428   6.28872459640283647822e-06
1429   3.83116079136494882374e-06
1430   0.00000000000000000000e+00
1431   0.00000000000000000000e+00
1432   5.55359195975763766620e-08
1433   8.92606383101452889573e-06
1434   0.00000000000000000000e+00
1435   2.18152619800198909750e-07
1436   1.01466050256541045609e-05
1437   0.00000000000000000000e+00
1438   2.00142388684883892631e-07
1439   1.30980811387556221921e-07
1440   2.82239388746095387533e-06
1441   5.23974755096061911726e-06
1442   0.00000000000000000000e+00
1443   0.00000000000000000000e+00
1444   7.48170822575109800663e-08
1445   1.36566837659000329844e-06
1446   0.00000000000000000000e+00
1447   7.78030867082825509800e-08
1448   1.19902476054288428178e-06
1449   0.00000000000000000000e+00
1450   2.56865660634694369939e-08
1451   3.58661998370848446527e-07
1452   0.00000000000000000000e+00
1453  -2.57847868998078216309e-08
1454  -5.38828730189119256668e-08
1455  -1.75038287792103678805e-08
1456   1.21260991815055991849e-06
1457   3.60529971025005262670e-06
1458   0.00000000000000000000e+00
1459   0.00000000000000000000e+00
1460   7.77894281276852193600e-07
1461   0.00000000000000000000e+00
1462  -3.30372511461990883276e-09
1463   2.32810411720118890753e-09
1464   1.22991051626231435001e-06
1465   0.00000000000000000000e+00
1466   2.75682690724460617479e-08
1467   1.47642184226477381039e-06
1468   0.00000000000000000000e+00
1469   8.72580488886883483999e-08
1470   2.96460729140001537444e-06
1471   0.00000000000000000000e+00
1472   4.42985041467795196088e-08
1473   6.44310820360968345095e-08
1474   1.17214044064742234803e-06
1475   9.60903302497789929502e-07
1476   0.00000000000000000000e+00
1477   0.00000000000000000000e+00
1478   8.58245892360066002928e-07
1479   0.00000000000000000000e+00
1480   2.84565884576792006800e-08
1481   4.84052975752490771313e-07
1482   0.00000000000000000000e+00
1483   1.49698980472270415773e-08
1484   2.11620119055256558197e-07
1485   0.00000000000000000000e+00
1486  -1.80260341770010302763e-08
1487   6.67887847673738429263e-07
1488   0.00000000000000000000e+00
1489  -4.63821673990149156790e-09
1490  -1.08462738979893965069e-09
1491   2.95107945680664675172e-07
1492   2.13274489706581525500e-07
1493   0.00000000000000000000e+00
1494   0.00000000000000000000e+00
1495   2.37026216480378290424e-09
1496   3.91864942944888966361e-07
1497   0.00000000000000000000e+00
1498   3.85652960166760603671e-09
1499   9.07272783559607703115e-09
1500   3.12666895112222779237e-07
1501   3.32165822480392010441e-07
1502   0.00000000000000000000e+00
1503   0.00000000000000000000e+00
1504   9.34752322416992362637e-09
1505   1.36210155131887860495e-08
1506   4.47085481921118770666e-07
1507   0.00000000000000000000e+00
1508   2.34954171475758381079e-07
1509   0.00000000000000000000e+00
1510   3.18827428400245094615e-08
1511   6.27180425152324411476e-07
1512   0.00000000000000000000e+00
1513   3.25966403675051379085e-08
1514   2.37576254489303898946e-08
1515   3.13335492475717126572e-09
1516   4.96726068170540732463e-08
1517   4.11278505698377332338e-07
1518   0.00000000000000000000e+00
1519   0.00000000000000000000e+00
1520   5.57964827887083935562e-07
1521   0.00000000000000000000e+00
1522  -2.32849345721487108721e-09
1523  -7.85615232718438580951e-10
1524   4.60980471902933750643e-08
1525   2.52881653733257059230e-08
1526   0.00000000000000000000e+00
1527   0.00000000000000000000e+00
1528  -8.33590011295759979392e-10
1529   1.52094433606466369997e-10
1530   8.60501287027652574372e-08
1531   9.83411739071192667131e-08
1532   0.00000000000000000000e+00
1533   0.00000000000000000000e+00
1534   1.11477654004778399493e-09
1535   9.02438541393218953230e-08
1536   0.00000000000000000000e+00
1537   1.42544058687729819963e-09
1538   4.01466714294675465709e-09
1539   5.09399983249962840524e-09
1540   4.04096904820933709323e-08
1541   9.07780469985266315930e-08
1542   1.17163786318474125259e-07
1543   0.00000000000000000000e+00
1544   0.00000000000000000000e+00
1545   0.00000000000000000000e+00
1546   1.08205309907787881957e-08
1547   1.95917991471690878489e-07
1548   0.00000000000000000000e+00
1549   7.79428959825477283218e-09
1550   1.26333892455446866374e-07
1551   0.00000000000000000000e+00
1552   1.01731293329149138752e-08
1553   1.58383131878448547194e-07
1554   0.00000000000000000000e+00
1555  -2.17056091635560575726e-10
1556   5.63823458734313749385e-09
1557   0.00000000000000000000e+00
1558  -3.75576989867431838826e-10
1559   2.70863494011068345144e-08
1560   0.00000000000000000000e+00
1561  -3.16294504041688005769e-11
1562   2.03782887269783798189e-08
1563   0.00000000000000000000e+00
1564   1.12014859966929512706e-09
1565   1.39009762712557340351e-08
1566   0.00000000000000000000e+00
1567  -9.05793770091026262452e-11
1568  -4.08736043960078421386e-11
1569   2.90559846511607583869e-09
1570   3.28514397365420497375e-09
1571   0.00000000000000000000e+00
1572   0.00000000000000000000e+00
