%%MatrixMarket vector coordinate real general
1572
1  -1.41608417777661803519e-29
2  -1.49435816203184351667e-29
3  -1.08411041940419949004e-29
4  -3.48623670475854833453e-11
5  -1.66563190506984284436e-29
6  -1.21281786023431597018e-29
7  -5.20875739316098441764e-11
8  -1.03257729519898964776e-29
9   8.69607852761747947571e-11
10  -1.21220896824241191413e-29
11  -1.39027914419903136247e-29
12  -1.77062086851147509319e-29
13  -1.27717319031879504099e-29
14   7.04057145803177223340e-11
15  -1.01028361141783517549e-29
16   1.08566557873661456772e-12
17  -8.90585595795337743464e-30
18   1.58184224269115592111e-11
19  -2.13974981834885018174e-29
20  -1.53355161177218963515e-29
21   7.91748785010053523346e-11
22  -2.54463318773691305254e-29
23  -1.80906168638630065275e-29
24  -9.28992519988234566882e-11
25  -1.21576108103442738083e-29
26  -8.81099373202197051648e-30
27   1.05640588678383969583e-12
28  -1.48983038095549677124e-29
29  -2.11036715954380639563e-29
30  -3.33163614201475278718e-29
31  -2.31590917234825434641e-29
32  -1.50069559553188019159e-29
33  -2.44484810683518355382e-10
34   5.21720796704684188356e-11
35  -1.05283174402032315721e-29
36  -1.07649572561944473459e-10
37  -3.13589911696911669091e-29
38  -2.23066489609698810098e-29
39   1.25380212377569670420e-10
40  -4.84291562283891215634e-29
41  -3.41844688927935575225e-29
42  -4.90629246337644509135e-11
43  -9.95312781889291089414e-30
44  -1.15136090784531140124e-29
45  -7.44602696390969234106e-30
46  -8.31644859273511085884e-30
47   5.43775067849512379859e-11
48   1.03540384180303298761e-10
49  -1.68893371643061977671e-29
50  -1.18137276659281900048e-29
51   3.79482687461185320247e-11
52  -2.25273452696213363454e-29
53  -3.57134887810580910072e-29
54  -2.45628465758158982210e-29
55   3.91783784515739890269e-11
56  -1.56688480723297451852e-29
57   1.39839965927274459924e-10
58  -4.71430877582492663603e-29
59  -6.75463335620566961776e-29
60  -3.31238353361103442905e-29
61  -4.66994168830264993778e-29
62   4.67698395968398274893e-12
63   2.74725855209860202218e-10
64  -9.55778653908009385079e-29
65  -6.52319027916643452971e-29
66  -5.31949579081456046911e-10
67  -6.65925465935723550131e-29
68  -4.53794964319745055832e-29
69   4.23432102715965342588e-10
70  -1.02797091074249849137e-29
71  -7.50342725997408401065e-30
72   9.50817295003256017130e-11
73  -1.14924091561790454793e-29
74  -1.50421904747669187344e-29
75  -1.04824824939918570948e-29
76  -8.32600373058193139237e-30
77   2.46853437835212038126e-10
78  -2.27945055424286857096e-10
79  -2.29695477196785887841e-29
80  -2.73430887777698759093e-29
81  -1.87393634440109847534e-29
82  -1.55753343218840523686e-29
83   2.20297347618574507046e-11
84  -2.99408532118325558736e-10
85  -4.39876546357007810564e-29
86  -3.01063876423402267873e-29
87  -5.37730148269430324537e-10
88  -7.67664175237355990874e-29
89  -5.22046852775438018300e-29
90   3.37668809650996117654e-10
91  -1.20410295858741913353e-28
92  -8.15792625953162847934e-29
93  -1.04665595534803754072e-09
94  -1.36095862704506466949e-28
95  -9.18596680147192556779e-29
96   4.03735347508517477995e-10
97  -1.26267743509810645264e-28
98  -1.72064602024208982235e-28
99  -1.16158735964244883554e-28
100  -8.57344488068935792805e-29
101   5.96506653031829150958e-11
102   5.39591500000917609384e-10
103  -7.89457360628252027042e-29
104  -5.39283392766861577230e-29
105  -6.77155654130821821876e-10
106  -1.11912222380802126951e-29
107  -1.24566343685586340978e-29
108  -7.89271767695114687042e-30
109  -8.72529272288300844361e-30
110  -1.85668328017240286959e-10
111   1.45763184594352843539e-10
112  -2.03202522989131651747e-29
113  -1.36822300181930653448e-29
114  -2.72183208823553969437e-10
115  -3.95009462950995479009e-29
116  -6.97125661597752586070e-29
117  -1.27282670462214451491e-28
118  -4.67252576409642081056e-29
119  -8.45008133682858741279e-29
120  -1.25111516189509483922e-09
121   8.50502954320925601061e-10
122  -2.20251056016686554706e-28
123  -1.45080385331010071395e-28
124   5.16607164368243209732e-10
125  -2.03092760845203181951e-28
126  -2.20906139846696574507e-28
127  -1.47429474973790649775e-28
128  -1.36198343754366252948e-28
129  -1.01863984729645535954e-09
130   6.51963366531511863666e-10
131  -3.51178243154795144859e-29
132  -2.63125062395592216693e-29
133  -2.36875187799339920457e-29
134   8.44023640991371962009e-10
135   4.42453229013899223171e-11
136  -4.50729983987917518464e-29
137  -3.07702286668388131681e-29
138   5.61980346260307418893e-10
139  -2.89593707284151486195e-28
140  -1.91201318868803105882e-28
141   1.26346776956979863917e-09
142  -1.34461101902882584233e-29
143  -1.85012782115935177384e-29
144  -3.10263574413561205402e-29
145  -1.26325027853066500781e-29
146  -2.07713274532352133183e-29
147   5.09510484411523674690e-10
148  -4.40444797704528006266e-10
149  -5.99465159744195688725e-29
150  -3.96495984339049049978e-29
151  -1.26934637179340255871e-10
152  -1.20911300777110500652e-28
153  -7.81378842140865879600e-29
154   1.78576571314708995682e-09
155  -2.54006560620731336013e-28
156  -1.63968855400542110209e-28
157  -2.80962356981292777241e-09
158  -3.83673266903822371801e-28
159  -2.49630062583466073463e-28
160   3.15850151258262590057e-09
161  -2.95898393496367388291e-28
162  -1.94780720278390373379e-28
163  -2.44429557786438228617e-09
164  -3.12187030157821246154e-28
165  -2.06569546733136501270e-28
166   1.36643947770159082981e-09
167  -3.90409714140789564255e-28
168  -5.15743165284517446169e-28
169  -3.29097869797348601340e-28
170  -1.98639413395870484159e-11
171  -2.52975342932038706701e-28
172  -8.86124293942737901379e-10
173  -9.25884870864853657574e-30
174  -7.74085394888539296378e-11
175  -1.19443776544988048029e-29
176  -8.38251584726155585158e-30
177   3.03414760927636680243e-10
178  -1.48810754792718499801e-29
179  -1.20378315016352704005e-29
180  -8.49397120628244610081e-30
181  -1.02074815293955700813e-29
182  -7.06783614625408894917e-11
183  -2.49543512315752323652e-10
184  -2.23629911749954705199e-29
185  -3.44039992029277429827e-29
186  -2.33699588134894378625e-29
187  -1.52222729461537486245e-29
188   5.59924594792822030385e-10
189  -2.18636099784808632190e-10
190  -8.15106993961563865323e-29
191  -1.12013132521349331626e-28
192  -1.95447611669516617661e-28
193  -1.26706371278769393311e-28
194  -7.11692384211040033752e-29
195  -1.01481631812735218281e-09
196  -8.75293282808984297126e-10
197  -5.21930210485738035921e-29
198   5.30652564151644053389e-10
199  -4.51111100873016833636e-29
200  -3.01878184547660219823e-29
201  -5.69337297429502113025e-10
202  -3.53692772370617326937e-28
203  -5.33443313913263457257e-28
204  -7.89800992446055358773e-28
205  -5.06013026333675066203e-28
206  -3.47718553684766489150e-28
207  -6.86359668742113301866e-09
208   1.19857506001188010035e-09
209  -2.30121846860254639222e-28
210   3.41489511687261005765e-09
211  -5.53893527712142118537e-28
212  -4.88306409387437516563e-28
213  -7.19795764708185771276e-28
214  -7.31967975229921231688e-28
215  -4.56464937648690457935e-28
216  -4.51794928626222634609e-28
217  -3.42924384590714592483e-09
218   2.04674270336073798536e-09
219  -3.18729012776730440178e-28
220  -1.08572327656677940350e-09
221  -3.60766145340354609553e-28
222   4.57204386840338387664e-10
223  -1.02891940792737983784e-29
224  -7.43141800380055757690e-30
225  -2.32775323058606332318e-10
226  -1.61206870489610892910e-29
227  -1.11373169948880919395e-29
228   3.42053092358610117200e-10
229  -1.94012620435934222939e-29
230  -1.32455421077479820294e-29
231   8.09175283816980714898e-11
232  -3.13468423666045282989e-29
233  -2.13640898187107929775e-29
234  -6.65985285642347574239e-11
235  -4.05565853050816339046e-29
236  -2.69307432717168700688e-29
237   4.73557234960384204930e-10
238  -5.36152798272081980219e-29
239  -3.48134444912771993242e-29
240   4.71944088397620507302e-10
241  -9.14168698978507490907e-29
242  -5.83606970119419532955e-29
243  -1.65007837523523739882e-09
244  -1.43984645422755568095e-28
245  -3.28841326166118647675e-28
246  -9.27568682635176153526e-29
247  -2.13753390274260847798e-28
248   1.05291251110224220653e-09
249   1.16088327384023636397e-09
250  -7.19456205181385700895e-28
251  -4.69183620440231277753e-28
252  -7.16117604751701582774e-09
253  -1.29137125469423986053e-27
254  -8.27239490582417064873e-28
255   6.28514808519960695743e-09
256  -1.65312030143309546065e-27
257  -1.03144143917484444339e-27
258   6.15777362736835358910e-09
259  -9.73637254160069236153e-28
260  -6.22652427208216031606e-28
261   4.17339886636033314716e-09
262  -8.23234580080501787046e-28
263  -1.38030421818748384587e-27
264  -8.45542138256047697043e-28
265  -5.26067187611611335368e-28
266  -5.15260070808842513372e-09
267  -2.06613243566964754868e-10
268  -9.39712785267034942863e-28
269  -1.02451505658558238293e-27
270  -6.24568912464539844457e-28
271  -5.75971047428952577255e-28
272  -1.94195461019383732809e-09
273   4.08841786325991859956e-09
274  -4.39017482833309405721e-29
275  -2.81996871220659239528e-29
276  -1.19762608385957680375e-09
277  -6.17967093834446238459e-29
278  -8.28894281859635034791e-29
279  -1.19788882436294775107e-28
280  -5.12359922667581185295e-29
281  -7.65119290964076890135e-29
282   6.29883308001739532078e-10
283   1.05691133018467588158e-09
284  -2.43669714856954405278e-28
285  -1.55733073377987390041e-28
286  -2.86859941162080236047e-09
287  -5.53879966130930476915e-28
288  -3.54473562385886470265e-28
289   3.15826890645292545326e-09
290  -1.46249641394838296194e-27
291  -2.65045301841958547330e-27
292  -1.65096111073829604808e-27
293  -1.60511013638148304082e-08
294  -3.09736041097264918798e-27
295  -1.93497406345331375342e-27
296   6.98082879720844555608e-09
297  -2.41745689258961710456e-27
298  -1.53130899684985656906e-27
299   1.43621783419197668560e-08
300  -2.85599314468944446909e-27
301  -1.73366889294333164039e-27
302  -3.01854148690374842353e-09
303  -1.83002666693914277065e-27
304  -1.30693743723268797429e-27
305  -7.94896105353107121375e-28
306  -1.86149961076453796916e-09
307  -1.56921016616909344824e-27
308  -9.56235621322502823503e-28
309   4.99569633347319326751e-09
310  -3.91951697025959125942e-29
311   9.77533429770044215436e-10
312  -9.40543334423099215984e-28
313   5.37492949325944086025e-09
314  -1.67506560921118809261e-27
315  -1.24035253489139965202e-27
316  -1.06319965552235361936e-27
317  -7.94070702388332525950e-28
318  -1.25820223846116450306e-08
319  -1.08261017907263814535e-10
320  -1.09645254574622995097e-27
321   6.65071950171539413657e-09
322  -2.26390926813370594846e-27
323  -3.85818047007984939887e-27
324  -2.40195603805156980213e-27
325  -1.45255675258647792980e-27
326   3.43194328730351364072e-09
327   1.16486762374765376218e-08
328  -5.43391245151490351126e-27
329  -5.52349782079978367161e-27
330  -3.34296872307996456012e-27
331  -3.37720352318119022782e-27
332   1.56293698198912941956e-08
333  -2.83369262636060471109e-08
334  -4.95816311610199295687e-27
335  -2.98405424622619177111e-27
336   2.60404279804674576492e-08
337  -3.17179319537915062682e-27
338  -1.89245218622867927517e-27
339  -3.97687309181561269448e-09
340  -1.98950248962499104820e-27
341  -1.21506503764360665615e-27
342  -2.16435753527584988598e-09
343  -2.46996366287599373350e-27
344  -1.50947641816516058473e-27
345  -4.52237112964404126509e-09
346  -7.90547925817549954685e-27
347  -4.89758035807427310728e-27
348  -2.31963176232193072576e-08
349  -1.12921106139889279583e-26
350  -9.67064274125910351419e-27
351  -5.85386281399403256495e-27
352   4.00498731409280717201e-08
353  -6.85651762885257593695e-27
354  -4.90562652907489042139e-08
355  -9.80905460898470127563e-27
356  -5.42824581774768220690e-27
357  -5.87379087045909821778e-27
358  -3.21941230984170636351e-27
359  -8.10913976713702573123e-09
360  -1.88241615083261623579e-08
361  -4.68802550253014057061e-27
362  -2.80502228442861769625e-27
363  -1.48266842730235334494e-09
364  -2.69286015742237467465e-27
365  -3.45111974468340418905e-27
366  -2.07628476381682621007e-27
367  -1.98908799755729676052e-09
368  -1.65070033572506289492e-27
369   5.77234817168553780976e-09
370  -3.60509570721423301158e-27
371  -2.16179503105384924946e-27
372   1.03442132380408733371e-08
373  -1.65180203810085484002e-26
374  -2.31147560637777230713e-26
375  -1.00865128218670716225e-26
376  -1.40522539823816826000e-26
377   1.44044400743925066960e-07
378  -4.78226000638813611031e-08
379  -2.28503023758919264061e-26
380  -1.39262718194854237219e-26
381   3.96832537271284422060e-08
382  -1.18692738408550166435e-26
383  -7.15607585035827898038e-27
384  -4.42714924025976561276e-08
385  -7.41319320982826379048e-27
386  -8.77700355701925969332e-27
387  -4.47219819625767270486e-27
388  -5.38990724460977586410e-27
389   3.48963765069890867367e-08
390  -9.90216212857538305508e-09
391  -4.96446461251823196546e-27
392  -4.63834526726378368725e-27
393  -2.96336462597114482993e-27
394  -2.76400321929688745859e-27
395   9.55743089041453348223e-10
396  -5.53626357144569752143e-09
397  -5.27799512920292062267e-27
398  -3.26420869908195322207e-27
399  -1.23152722814263183185e-08
400  -1.37132238074433238992e-26
401  -8.31641590122378282994e-27
402  -1.40729225631356353878e-08
403  -2.97300984163491023884e-26
404  -4.67375249400885963922e-26
405  -1.84715974173639669128e-26
406  -2.77572087042391767305e-26
407  -1.90638801490303496259e-07
408   1.89031152063981761161e-07
409  -4.37644442422499838971e-26
410  -3.31659003958321087195e-26
411  -2.64459519875238234573e-26
412  -2.04524123693409885440e-26
413   3.30247744801270210248e-08
414  -1.05242478101185653096e-07
415  -1.67248171301146476151e-26
416  -1.03413747820921392703e-26
417   5.87239028059937431801e-08
418  -1.07292070707952457382e-26
419  -6.66942401645782031127e-27
420  -3.56969526097137606737e-08
421  -7.04849132651316898784e-27
422  -4.42364596992259088357e-27
423   6.18960251054143440143e-09
424  -6.11347368389984334496e-27
425  -3.91056260875633780170e-27
426   2.03253662052052516745e-08
427  -6.47134902867560652214e-27
428  -3.91767374250950767045e-27
429   1.88477726865023312308e-08
430  -5.91277720647275813888e-26
431  -3.43821245822107768043e-26
432   2.06781754468058322532e-07
433  -8.69339956092237140740e-26
434  -6.82599293988254050192e-26
435  -3.94774353254482375727e-26
436  -4.20208491008154277841e-26
437  -2.45817637191145258567e-26
438   2.35403475345927629845e-07
439  -1.72048322718076055416e-07
440  -2.51905258004745796416e-26
441  -1.76231894325032791606e-26
442  -1.01330625231686470987e-26
443  -7.20291375225429089164e-27
444  -4.64414186552204338825e-27
445  -6.40000120082928088245e-27
446  -4.11066119931483711621e-08
447   3.54478767857123752488e-08
448  -1.09589683820131975919e-26
449  -9.34950149009042846427e-09
450  -1.57280948621022419743e-26
451   1.51283682404295288806e-07
452  -5.35635827322813073046e-26
453  -4.03297988847322128335e-07
454  -5.46708385983299564837e-27
455  -3.61992408757872327440e-27
456   2.26239367848982538814e-08
457  -8.74193074491643920199e-26
458  -5.26233189991876956270e-26
459   3.70145465358125003455e-08
460  -1.82489555320100889611e-25
461  -1.57198113118815737046e-25
462  -9.65630655342689293575e-26
463   1.74680079799133255765e-07
464  -1.08201333535458893972e-25
465   5.25792555947543996718e-07
466  -5.63992777295659168165e-26
467  -3.44457506433213568517e-26
468   1.63926535562606976413e-07
469  -5.08647490848325795506e-26
470  -3.26386006830899611613e-26
471   1.35358519145510509680e-07
472  -2.80278567467818779480e-26
473  -1.80155649350899735049e-26
474  -6.66417568065690033981e-10
475  -1.66202114724844855014e-26
476  -1.04490257659671486069e-26
477  -6.83375251185553735655e-27
478   3.42511900378397024990e-08
479  -1.06355664843894916690e-26
480  -7.57062522508002657349e-08
481  -1.06462086340128859818e-25
482  -6.88853362074998278941e-26
483  -5.11986206817518159270e-07
484  -6.80082643728404129676e-27
485  -4.52052373503603570003e-27
486  -9.44920791539574285272e-09
487  -4.87160439990809485455e-27
488  -3.22671556826084166841e-27
489   2.97417058470134534209e-08
490  -4.61744655204390717440e-27
491  -3.13378388400294307289e-27
492   1.48028905667060499663e-08
493  -3.25666612180754449386e-25
494  -2.08094899363008526795e-25
495  -1.06524362998029363359e-06
496  -1.87111908355427642843e-25
497  -1.51965305195868019637e-25
498  -7.79092715762730124693e-26
499  -1.00856505561648790431e-25
500  -5.18212366791110889852e-26
501   5.64142771889935947920e-08
502   1.92936189845874284255e-07
503  -4.10411010808695126553e-26
504  -2.82005668322788271801e-26
505  -1.02844180655345680991e-07
506  -2.91419635041899417237e-26
507  -1.92705912370120604227e-26
508  -5.16448668030407167100e-08
509  -1.71721357058745399601e-26
510  -1.13762959567630033284e-26
511   1.86737315837441567356e-08
512  -1.25608461039858894306e-26
513  -7.56650886685675799876e-27
514  -5.15472189115770306450e-27
515  -8.42830108249199701931e-27
516  -8.22190511786545233252e-11
517  -5.53555561752776926941e-08
518  -2.93614515333033484017e-25
519  -1.66890904527061959571e-25
520   7.26959996599296593603e-07
521  -1.17938018271023989404e-25
522   7.70396484931858235273e-07
523  -5.85736966679709175996e-27
524  -4.09391105288856061015e-27
525   3.05038024661676268367e-09
526  -1.44301094102704132431e-27
527  -4.19476163070864042996e-28
528  -8.79323890421442695811e-28
529  -6.11845543986338164309e-28
530  -1.72959101231708149412e-28
531  -4.24027481724112518814e-08
532   8.24932504517268330060e-09
533  -7.21253904140454095490e-28
534  -3.39472108757275385777e-08
535  -7.43007184651337780533e-25
536  -3.10477367273569550965e-25
537  -4.75539746689856388614e-25
538  -2.09602832896335215207e-25
539   1.90069799569567737021e-06
540  -6.36568359898495669660e-07
541  -1.85713314793680455085e-25
542  -1.08523488139411633207e-25
543  -7.68027738348959220672e-26
544  -5.29927553631908878155e-08
545  -1.27216914687037955595e-25
546   8.77318274723651437584e-08
547  -5.16201874228916832442e-25
548  -7.87382470799817532078e-25
549  -4.65337457410665417732e-25
550   1.19713911390277877622e-06
551  -3.00384337950011978023e-25
552   1.50905905358375471946e-07
553  -5.93952541487306680652e-26
554  -3.72588388610712669636e-26
555  -2.71015648261268921266e-26
556  -4.24154630995568322049e-26
557   1.08049991863887644105e-07
558  -1.00947779237494039954e-07
559  -2.43339549532068568849e-26
560  -2.12164728705913896660e-26
561  -1.40969046878533419378e-26
562  -1.44488754957685124928e-26
563  -1.73434450266187097985e-26
564  -9.93724797120946264189e-27
565   7.88620028951117175577e-08
566  -1.66008849924767102337e-08
567  -3.48682926854979594437e-08
568  -8.58088883856988597334e-27
569  -5.92438405958498143989e-27
570   6.23834941939915772849e-08
571  -6.28802090708272118218e-27
572  -5.92981023467812250211e-27
573  -4.31346450663020072199e-27
574  -4.14383014757021124676e-27
575  -3.99463746484238705116e-08
576   1.75819719418914115322e-08
577  -5.73815531347162948743e-27
578  -4.12247758618473508072e-27
579  -1.10213471710878039276e-08
580   7.90458976365585941381e-28
581   1.69037390425986039682e-28
582   2.62079180533490160790e-08
583  -1.78967628993488166075e-24
584  -1.15469007138847594553e-24
585  -1.16157762283652942460e-24
586  -8.28386737472252979865e-25
587  -2.64398291539991726388e-06
588  -1.94079523699772920576e-06
589  -5.68425751309398918415e-25
590  -2.77242318120448031953e-25
591  -2.01536813727936934871e-25
592  -3.99696051074082247613e-25
593   7.87999399062744235827e-07
594  -6.19989889385079471085e-08
595  -1.70484530201746700707e-25
596  -1.28678211204620406754e-25
597  -3.37023895967303873891e-07
598  -7.86475775469214100712e-26
599  -5.86178695753901919406e-26
600   2.52460478837443011254e-07
601  -5.13043922791212375608e-26
602  -3.85449404921791253671e-26
603  -7.51795744357559330196e-08
604  -4.30313918182812991974e-26
605  -3.33373130245079898174e-26
606   3.62881316439652147061e-08
607  -2.62250377524179609740e-26
608  -1.52165674646981260562e-26
609  -1.12098568856192741171e-26
610   7.26300672867634285216e-08
611  -1.97428609264010786045e-26
612  -6.82220470189633459586e-08
613  -1.23565232966139359730e-24
614  -7.77486867422457586160e-25
615  -1.41980775755367708441e-06
616  -8.45766652292303754340e-27
617  -6.11128575920667358999e-27
618  -3.63103806806184033439e-08
619  -7.07790268567120610897e-27
620  -5.01521783911467268067e-27
621  -2.05178587156156232535e-08
622  -5.53307312371070835804e-27
623  -3.80647581420404101445e-27
624   4.19685188580568713047e-08
625  -1.95785849068849944433e-24
626  -1.36640556594250756777e-24
627  -1.18231191328713969634e-24
628  -1.01996606162322490853e-24
629   5.80314241907246303610e-06
630  -1.07364666534227474561e-06
631  -7.72989204124115680241e-25
632  -4.32914863126441974933e-25
633  -3.45184189653592329829e-25
634  -1.55019944145040191641e-06
635  -5.67658422170436885537e-25
636   1.67586983862299122935e-06
637  -2.81898693383080752893e-24
638  -3.54081673732471762737e-24
639  -1.40375902059240655598e-24
640  -2.36712680842260313962e-24
641   6.96752864149836350326e-06
642  -3.28574288899048928646e-06
643  -2.63843401167322880490e-25
644  -2.15659540755607789577e-25
645  -1.84401534357896212511e-25
646  -1.59502732682887838172e-07
647  -2.10950227861699456712e-25
648  -1.07840571852038870487e-07
649  -7.50952620480226079725e-26
650  -6.48959230347266031054e-26
651  -5.86545029738084225685e-26
652  -5.33260944390380999968e-26
653  -8.92196939408263470512e-08
654  -8.60900985940829523724e-08
655  -1.10994394638524514369e-25
656  -8.93498234188595499867e-26
657   5.28476874270686075004e-07
658  -3.02037386209687020938e-26
659  -4.55331346015636230074e-26
660  -2.35204293277197839360e-26
661  -3.62302053672503701510e-26
662  -4.14789003382812934342e-08
663   1.17807505086807797240e-07
664  -1.20562336096689195241e-26
665  -8.14442449164739826154e-27
666  -9.15044921185340489503e-27
667  -6.00875174390710785578e-27
668  -1.87732046936438477145e-08
669  -3.83426099810111452929e-08
670  -6.79796938402848255032e-27
671  -6.44266149857612514729e-27
672  -4.92667910409881066506e-27
673  -4.60766064299405267948e-27
674   7.14551671896039946863e-08
675  -3.00397129079422101804e-08
676  -6.48854745512059863702e-27
677  -4.83024375117310108492e-27
678   6.12388123424554102521e-08
679  -1.35457470038591305540e-26
680  -1.11055951416970930864e-26
681   9.74462453859824980876e-08
682  -3.14307788273930549232e-24
683  -1.60538366977304700353e-24
684  -1.33568505804972973524e-24
685  -2.49404911558659122433e-24
686   5.63991923696315258362e-06
687  -6.12901696272225102874e-06
688  -7.30160324690612743940e-24
689  -3.88514635439836466886e-24
690   1.23506100531001488421e-05
691  -6.89229072551331199308e-24
692  -4.11086490789401613664e-24
693  -7.88665481456319221530e-06
694  -7.91368851528924763149e-25
695  -7.19096375406558006009e-25
696  -2.78781073523263748623e-06
697  -3.93932536702128734659e-25
698  -2.70027363619359876425e-25
699  -1.46231188258260978472e-25
700  -2.41174489341141611962e-25
701  -1.27917281365698079947e-25
702  -1.35674896354388548654e-06
703   1.10051072815869124506e-06
704  -1.14962024165032038925e-25
705  -9.74245736499410757793e-26
706  -6.53086367010158396851e-07
707  -7.64074563956948733822e-26
708  -6.55663617592400382505e-26
709   6.68196751565591514630e-07
710  -5.30334892411467795172e-26
711  -4.39352889649255592084e-26
712  -3.06945763071880501349e-07
713  -5.95930460645768699610e-25
714  -4.91888985710319289085e-25
715   8.84642890180069689205e-07
716  -3.32417042517321161700e-25
717   1.31112846275138105807e-06
718  -1.11420794955290449113e-26
719  -5.73656242424721574207e-27
720  -1.03506550268896272115e-26
721  -5.17927806508455544043e-27
722  -6.14444630222741767767e-08
723  -2.50983397396555992980e-08
724  -3.18561020208927502167e-27
725  -3.09470277749833779748e-27
726  -6.11761813262335479658e-08
727  -2.73678085213892504591e-28
728  -3.89194273847876664652e-27
729  -2.74304019613379053297e-27
730  -6.99887043327015270548e-28
731  -3.41215696545897327746e-08
732   5.62722466051111342095e-08
733  -2.87868250109729954576e-24
734  -2.98713815977734928522e-24
735  -2.58861383523613539998e-06
736  -1.57847378698435834755e-24
737  -1.60500661802348706294e-24
738  -4.05307192330402225677e-06
739  -9.28033454836626168457e-25
740  -1.02020802216933514754e-24
741  -4.82100564303022056672e-07
742  -6.56021172648589786935e-25
743  -5.92288876372396229363e-25
744   2.59899726297611784333e-06
745  -4.54739125520529742104e-25
746  -2.71817888853907630118e-25
747  -4.25617093506220482882e-25
748  -2.50772549764525258168e-25
749   4.61233233280569376674e-07
750   1.30924478268036642845e-06
751  -1.63301327483271192191e-25
752  -1.56390316879061567167e-25
753   5.19361318067275872865e-08
754  -1.23200709609542378864e-25
755  -1.11234850511731821195e-25
756  -9.72871363028005049226e-26
757  -2.07820273552739292417e-07
758  -1.06466044762730375772e-25
759  -1.03360611499708026880e-06
760  -7.57686289764988005628e-24
761  -1.27648937311893143500e-23
762   4.64842582147068244695e-06
763  -2.23079192092223232055e-23
764  -1.36592109660163178742e-23
765  -2.89451989824711436374e-05
766  -1.78391534711826454526e-23
767  -6.78315538738420344741e-24
768  -2.64760438893625526868e-06
769  -4.38341127296117868051e-24
770  -4.46375718706937950721e-24
771  -8.19690578896825231903e-06
772   3.81971714753505609232e-28
773  -7.12857308967428946419e-28
774   9.67851035858987143377e-29
775   2.75297572205369203383e-08
776  -4.51112692917593289732e-28
777  -9.20787330849057532421e-09
778   7.87364914562386093924e-28
779   1.61523386263096621806e-27
780   3.96287178778982695601e-28
781   9.35725799946456759495e-28
782   3.97472401176759867097e-08
783  -4.84513421727548955152e-09
784  -1.65491401702095775954e-24
785  -1.10792121469128722469e-24
786  -2.81630792508775442049e-24
787  -1.55809299787587429260e-24
788   7.23922235914192585202e-06
789  -1.98631828945516893212e-06
790  -1.04386732746293647901e-24
791  -1.47120360094168424028e-24
792   4.26902855766660672900e-06
793  -1.03274987415274475391e-24
794  -1.21257995051803788899e-24
795   2.29228915619901897036e-06
796  -7.70135884817646535284e-25
797  -7.06698291632187325634e-25
798  -1.96015172822129721177e-06
799  -3.65424682527074105309e-25
800  -3.67894306735046176514e-25
801  -2.38434988944298532120e-06
802  -1.38855327225757171402e-25
803  -1.06784772796526388454e-25
804  -1.43698013297897164412e-25
805  -9.42307041452984945108e-26
806  -1.29922038066712400794e-06
807   1.13142362443619615297e-06
808   3.04935549022358130447e-24
809  -1.39459788407937378244e-24
810  -1.86451875300388961240e-23
811  -9.44837496721584619365e-24
812  -1.15839749673910267293e-05
813   1.00482238515267223645e-05
814  -3.06494077621855308230e-24
815  -4.59932760996187221737e-24
816  -3.72152786999690192622e-06
817  -3.02067800520184475052e-23
818  -1.45732406925757919201e-23
819   8.97789878458918921595e-06
820  -7.07462321735995736148e-23
821  -1.42227615173355731928e-23
822   5.03576413625341800010e-05
823  -9.83682378314890770680e-25
824  -1.70243473851602111161e-24
825  -3.14066064243309261750e-06
826  -1.00503477462196592030e-24
827  -1.12458647077627106916e-24
828  -4.01858127129197370373e-24
829  -2.13390809496262607641e-24
830  -4.60529916717592262921e-06
831  -2.03032181507621634675e-06
832  -6.38690698868721959149e-25
833  -1.18612128900526954612e-24
834   3.69222435643282900138e-06
835  -8.07726618508440671893e-25
836  -1.17465314102340632663e-24
837  -2.15997336854509198559e-06
838   3.63010279831852558208e-26
839   1.11033144635786729371e-26
840   1.68103983079644415813e-07
841   2.23246215508762025639e-24
842   7.79608422114510901910e-25
843  -1.81183095542452876872e-23
844  -1.04086741866264988527e-23
845   3.59940040169973480438e-05
846  -1.32135720845286027254e-05
847  -3.98600483002278675669e-25
848  -4.83937973395612958003e-24
849  -2.11026563278370007557e-06
850   9.14044669820192522815e-24
851  -2.49513841916042090212e-23
852  -5.60385808832832005419e-05
853   4.95085719887231705226e-23
854  -1.03372751293699260512e-22
855   4.71376624460259714060e-05
856  -3.19918910703484887442e-22
857  -1.61586415835807720003e-22
858  -7.41918373387626654733e-23
859   2.11050835618910701157e-23
860  -1.34014307966966796396e-04
861   7.41163360332158945541e-05
862  -4.87043579862091344522e-25
863  -1.40723178184457000364e-24
864  -7.92485848262712401476e-08
865  -3.46416940851675946159e-25
866  -7.24540419796517560582e-25
867  -2.49394822545574764702e-06
868  -4.30612209099667329817e-25
869  -7.89857596933194286728e-25
870  -8.38365897426357052900e-07
871  -3.64384610580596541248e-25
872  -2.38769531307835548303e-24
873   4.55900606263892379508e-06
874  -6.94900535861791770363e-26
875  -2.50715725328123549165e-24
876  -4.63929540948613546258e-06
877   4.94306975306255676447e-25
878  -5.63022121320474031544e-24
879   1.35916766630721108536e-05
880   3.91626555895493909791e-25
881  -7.14891129531210446638e-24
882  -1.15886659468255060612e-05
883  -4.48968740834955243236e-22
884  -1.30472850571745630894e-20
885   1.53935327340648914161e-20
886  -1.56146476792282931016e-20
887   2.97096363691535242121e-20
888  -1.11838550289991675753e-03
889   5.77881561536231934048e-04
890  -2.79465304999793354623e-21
891  -3.99255480720705882995e-21
892   7.91405905670762983796e-05
893  -2.64685932989007886388e-22
894   3.63273373582318620523e-04
895  -2.56491705345320712970e-25
896  -2.13328049944551122348e-25
897  -1.64174629603030486779e-25
898  -4.38574192158368231779e-25
899  -7.06334841982696165289e-25
900  -2.44862753736096927346e-08
901   2.28972446827207682936e-06
902  -1.12764754226189171701e-24
903  -3.22224247286504737988e-06
904  -1.74048263830745213085e-25
905  -7.26104229213754458360e-26
906  -1.29719252847629251969e-24
907  -1.52044298769426593246e-24
908   9.68706708763402121582e-07
909   5.18718357093530328741e-07
910  -2.37936715213321606092e-25
911  -5.48649634706171248333e-25
912   2.55255540774452337538e-06
913   3.65435839389243344462e-26
914  -1.41878545468096384807e-24
915   3.42834214993673984373e-06
916  -6.26279797029858324227e-26
917   3.63646601154250163640e-25
918  -4.28082446270687399346e-24
919  -2.43834778835885330420e-24
920  -3.13616597072946874143e-06
921  -4.45681692703807787425e-06
922   8.24571071436982154210e-20
923   1.11660967843896075899e-19
924   4.14337553276666620966e-03
925  -1.01110718674592260594e-19
926  -1.28149961889238606354e-19
927  -5.27738179068655381687e-03
928   3.99748855988466581882e-20
929   4.18433483912401255680e-20
930  -1.96980886829625301618e-03
931  -6.30516134313452014000e-26
932  -5.11158478937475518978e-26
933  -8.11839050034353874458e-25
934  -2.94667457088333123636e-06
935  -1.60739731169680125363e-26
936  -7.17726325337748608919e-25
937   7.44790142005419184194e-07
938  -3.70648109059619392185e-26
939  -9.97700457409885364898e-25
940  -4.43131587253293471963e-06
941   7.10562768472105967494e-26
942  -1.83253170026709655213e-24
943   2.74800708759364152820e-06
944  -1.04852168248741929466e-25
945  -5.81409163300529363918e-25
946   9.60530242829589326166e-07
947  -1.11023940857187266793e-25
948  -3.75400924447715291193e-25
949  -1.87533337471410871042e-06
950  -7.06395692936109240158e-26
951  -2.45371618012692752583e-25
952   1.13188784700677073614e-06
953  -1.10787330669786419330e-25
954  -2.89778841106879007218e-25
955  -1.30923703950776077760e-06
956  -8.26444581395716218430e-25
957   1.30190531157902481426e-06
958  -1.73629923606134374976e-19
959   3.77790266080410579620e-19
960  -2.45462615490276742853e-19
961   3.84506423291879768997e-19
962  -1.14132785499039442201e-02
963   2.47866047604886445554e-02
964  -6.50787905160912247673e-19
965  -7.05030062425643180294e-19
966  -3.04810111181232253064e-02
967  -3.82869449760264778474e-26
968  -6.23224841975976738231e-27
969  -4.83345987982939295202e-25
970  -4.67519970240422888879e-25
971   1.00210118551670372041e-06
972   9.63809804522945624402e-07
973  -9.81709219146334966795e-27
974  -3.43213250814763965478e-25
975  -6.74541698917012502228e-07
976  -9.06799912231966365245e-27
977  -3.46945211500828891805e-25
978  -1.02369179283647332394e-06
979   1.46116025656191814915e-26
980  -5.67917535593479713688e-25
981   1.99487952491133757146e-06
982  -6.76393861861163307127e-26
983  -5.56062118105267054852e-26
984  -4.14625362896767012843e-25
985  -2.96087799087052891490e-25
986  -1.67097560430684825946e-06
987   5.64414584078455806390e-07
988  -3.50486298418519444637e-26
989  -3.45549441328643627234e-26
990  -1.48135947558086083565e-25
991  -1.27948429379420937970e-25
992  -8.41035660477566121120e-07
993  -1.91125805279151004745e-07
994  -5.44332903898480670157e-26
995  -1.77022480507784842288e-25
996  -3.73291617920108404065e-07
997   2.90909169283620385573e-19
998   2.52589919154756883615e-19
999   2.73729257503757608672e-02
1000  -8.40786599780086783462e-19
1001   1.15779751071627305309e-18
1002   1.20858995189817875821e-18
1003  -4.07529098201695342830e-19
1004   9.90669627234895600054e-01
1005  -1.26885874911485313499e-01
1006  -2.10933350036224795897e-26
1007  -1.22664343560774303981e-26
1008  -3.87998055084309279641e-27
1009  -1.63149269472937352472e-25
1010  -1.84593402960520188114e-07
1011  -2.32568326753622390939e-25
1012   2.47132800919511183447e-07
1013  -2.78770117320010130927e-25
1014  -1.17365750008623819733e-06
1015  -1.85755279062366896528e-26
1016  -2.95235653404149021751e-26
1017  -1.72272548066887788821e-26
1018  -1.11480308141973437953e-25
1019   2.89422102652157620852e-07
1020  -2.00141856351044592184e-25
1021   5.54196152357304163301e-07
1022  -2.46653802549303948350e-25
1023   4.31235693007802903002e-07
1024   2.03670684660012212990e-28
1025  -2.12000499049963695890e-25
1026   1.14080270336436361934e-06
1027  -8.93912720606596422847e-27
1028  -2.71661083548791973351e-25
1029  -4.16122478854048006932e-07
1030  -1.64017196120051831827e-26
1031  -7.91390291747307702556e-26
1032   5.53846361230567378661e-07
1033  -1.77011999784873516072e-26
1034  -6.78378927138966146154e-26
1035  -3.69367732203717415678e-07
1036  -2.63324449573779070507e-26
1037  -9.56440455386012493952e-26
1038   4.57720075840485282530e-07
1039  -1.53375482693443639046e-26
1040  -8.34355626197331822296e-26
1041   9.79038985856273846458e-08
1042  -5.46465314644997544176e-27
1043  -1.31458098868067883594e-26
1044  -1.42213190725351313346e-25
1045  -1.53712659110523353101e-25
1046   1.61404993259963632392e-07
1047   4.41731026965314469352e-07
1048  -1.53294424523354934342e-26
1049  -8.66108506232044792655e-27
1050  -1.08934576588346913982e-25
1051  -6.37090207672760862176e-26
1052  -5.32860591472982663157e-07
1053   9.01414408608722820212e-08
1054  -8.98265052783114148191e-27
1055  -4.61873888298547637906e-26
1056  -2.65100994978381887171e-07
1057  -8.71283993461955295429e-27
1058  -3.87454916347232156519e-26
1059  -2.32061168167344252682e-07
1060  -1.05098188734574270926e-26
1061  -4.34898301906901603477e-26
1062  -4.64162228740308798401e-08
1063  -1.03616022416693000264e-26
1064  -4.38173464376324186178e-26
1065   1.62276978404514074399e-07
1066  -3.52998988211832299861e-27
1067  -5.18024603178156421608e-27
1068  -1.16042598228805754008e-25
1069  -1.04850735143148238643e-25
1070   1.01088275169672018445e-07
1071  -3.36133110605876723059e-07
1072  -3.22632724090321226510e-27
1073  -6.39379625182666345384e-27
1074  -1.43576543928968893608e-25
1075  -1.14300128464507481467e-25
1076  -3.78935580675976216190e-07
1077  -6.03633187366454755338e-07
1078  -3.38268139542296486855e-27
1079  -1.77447503477821576976e-25
1080  -7.43334452380812013249e-07
1081  -6.67308361066215682479e-27
1082  -6.42966326686152884308e-27
1083  -8.59274875962546036255e-26
1084  -6.57531642787137478241e-26
1085  -1.63222050426650740472e-08
1086   2.81803139179427995273e-07
1087  -5.25548770112590659114e-27
1088  -3.91286923834752633778e-26
1089  -2.34048481726930958065e-07
1090  -5.01551552017185732603e-27
1091  -3.66301573705034316773e-27
1092  -4.57547622589451597711e-27
1093  -2.36340447377578391600e-26
1094  -2.54895858193432818350e-26
1095   6.57414948976740807346e-08
1096   1.79675054911136410500e-07
1097  -4.70218036716190789068e-27
1098  -6.11917152918249247733e-27
1099  -2.57532105518835739900e-26
1100  -2.25975166813412314164e-26
1101  -1.06649745359987169756e-07
1102   1.00831452891985247049e-07
1103  -6.26893195393577500452e-27
1104  -8.25941207668246523753e-26
1105  -8.76381270503977236160e-08
1106  -2.25777506373150483017e-27
1107  -7.10918841422956991313e-26
1108   1.03736925152213822730e-07
1109  -1.19906417246045469130e-27
1110  -1.63546550597453771039e-27
1111  -7.48441260767317333794e-26
1112  -5.97693620000948605685e-26
1113  -1.82814184372991028604e-07
1114   3.16601639465414302335e-07
1115  -3.52603010668212259746e-26
1116   1.38130321817194179968e-07
1117  -4.34277746627744909217e-27
1118  -1.81001387340867997985e-26
1119   9.33468956557737928184e-09
1120   9.04132738666059989922e-29
1121  -9.45876598781019657819e-26
1122   7.66013874488673515963e-07
1123  -4.45762049088729987342e-27
1124  -5.80413872712928570337e-26
1125  -9.32925362274094316885e-08
1126  -2.67119240155308300188e-27
1127  -4.30517151064778672013e-26
1128   5.30693201498726660532e-08
1129  -2.70572745542749402420e-27
1130  -4.50285031578506727440e-26
1131  -2.44705003679118728080e-07
1132  -1.64041053784602737323e-27
1133  -4.56740366188576602561e-26
1134  -5.23768188197145809119e-08
1135  -2.22901627902954386195e-27
1136  -5.01905961281488801757e-26
1137  -1.99027456319271982377e-07
1138  -3.97818739342193894465e-27
1139  -4.07713384017620783872e-26
1140  -8.07803552469769337618e-09
1141  -2.59551087663542936754e-27
1142  -2.44900482582480333515e-27
1143  -2.90441881681298919987e-26
1144  -2.35134853518334795035e-26
1145   1.20640381735402772250e-07
1146   8.87090597943840322510e-08
1147  -2.75431254617301358684e-27
1148  -3.09641322485813532083e-27
1149  -1.94077030616461823776e-26
1150  -2.25066304117522832326e-26
1151  -1.41305275208982482089e-07
1152   7.93075604756988944388e-08
1153  -1.85204965148826465667e-27
1154  -1.79618867764367578516e-27
1155  -1.18716926899043810657e-26
1156  -1.04702088352633357995e-26
1157   9.22239842409788161517e-09
1158   5.65928106487891690041e-09
1159  -3.09464221950287632821e-27
1160  -2.49287979923088614491e-27
1161  -1.51038959069318492154e-26
1162  -1.18624267479010446408e-26
1163  -1.43341113491720042182e-07
1164   3.78154985976754453830e-08
1165  -2.02186500564015491510e-27
1166  -8.88235474885286212394e-27
1167  -4.50330314709369880970e-08
1168  -2.55926212765473077308e-27
1169  -1.50621947106481840950e-27
1170  -3.58580958800530916911e-26
1171  -2.65892049071443583139e-26
1172  -1.50293995954772114353e-08
1173   4.35900969406979823069e-08
1174  -1.97517725269417202016e-27
1175  -1.21483955816856008621e-27
1176  -3.81286935700231324994e-26
1177   1.92563107803572579644e-07
1178  -3.26309427801228690865e-26
1179  -1.80219098024528716360e-07
1180  -2.45891274329366022629e-27
1181  -2.31748591314895659050e-26
1182  -1.42266128207411130683e-07
1183  -2.40714221101324878865e-27
1184  -2.64825732704687691027e-26
1185  -2.38862507772915133662e-08
1186  -2.08350963769720936707e-27
1187  -1.71010877139903621939e-27
1188  -1.34036649291521581559e-26
1189   4.27677647861309346603e-08
1190  -1.61611386627784927634e-26
1191  -1.22215991800094888886e-07
1192  -1.73600457332931443682e-27
1193  -1.66317507691553585257e-26
1194   4.58073648064118524493e-08
1195  -1.33016170940070131978e-27
1196  -9.00414539623092249292e-28
1197  -1.05636282788743414249e-27
1198  -6.70253097123904755893e-27
1199  -6.06019662145739993807e-27
1200   3.57190820489224658366e-09
1201  -1.44479141288380709675e-08
1202  -1.01201430124312652990e-26
1203   5.63794688981417920736e-08
1204  -1.53474927082301882280e-27
1205  -8.74338540304599328707e-27
1206   6.09398918987155261804e-08
1207  -1.27970667133580250800e-27
1208  -1.22574700014660641369e-27
1209  -5.61633899117664814819e-27
1210   1.16743043499793695382e-08
1211  -6.13134431802033554700e-27
1212  -4.13232926120440899986e-08
1213  -1.04418439248669521511e-27
1214  -5.80081455953088987690e-27
1215  -2.42142787690511603045e-08
1216  -1.12039621684343715444e-27
1217  -5.03031432394715435152e-27
1218   2.20659530963895489929e-08
1219  -1.75779568529782476964e-27
1220  -2.33241445351485595299e-26
1221   7.83907709502387798256e-09
1222  -1.55190735635360421749e-27
1223  -4.26115712595856813212e-27
1224  -1.84418421079089037184e-08
1225  -1.15930751867788864920e-27
1226   3.13891468747420514909e-27
1227  -8.50710139753536971160e-29
1228  -3.73369310348338073666e-27
1229   1.08660090490113013509e-07
1230  -9.11785976269623982526e-08
1231  -1.29359106821391155933e-27
1232  -9.88947515753182480821e-28
1233  -8.02663472946335548118e-27
1234  -1.14180715587239742157e-26
1235  -5.39370512586414491151e-09
1236   3.72735752683749979489e-08
1237  -1.05496451558756271722e-27
1238  -9.24630087574909687472e-27
1239  -4.97284145882031373690e-08
1240  -9.60860126564182332086e-28
1241  -6.99098864272420586777e-27
1242  -4.25664767469814072412e-08
1243  -5.72739389635120982641e-28
1244  -4.84010207211190924586e-28
1245  -3.38151190129596545206e-27
1246  -4.58737835798221395760e-27
1247  -7.04829599232451635740e-09
1248   2.04183894349262220139e-08
1249  -6.39733932188051197300e-28
1250  -4.06204405566375932287e-27
1251   1.60323944120114971703e-08
1252  -4.88423116258098838068e-28
1253  -6.46494886574724176726e-28
1254  -2.84842186460858021780e-27
1255  -3.48889253893193353729e-27
1256   4.00230885190547656211e-10
1257   2.95375753028599916673e-08
1258  -7.13335603088935558418e-28
1259  -5.99504568636604759723e-28
1260  -5.72641434167893459971e-28
1261  -8.31467283489063082292e-28
1262  -3.73056284303952904276e-27
1263  -2.59898447654008762206e-27
1264  -2.28676897620623972414e-08
1265   7.92252886175244853805e-09
1266  -2.74224604500417864416e-27
1267  -1.71623783938248121176e-08
1268  -3.54908309477976496356e-27
1269   8.97456107960742042047e-09
1270  -3.37358284651229791930e-27
1271   9.97767639366097984896e-28
1272  -1.78284523588179971201e-08
1273  -6.50137974716452241912e-28
1274  -4.36668939447304533771e-28
1275  -3.42554274814233442037e-27
1276  -5.79350686786733695881e-27
1277  -3.31067373161067390241e-08
1278   3.12098241962600515123e-08
1279  -3.33518113845017196930e-28
1280  -2.62263097425641764033e-27
1281   6.82949010945706928471e-09
1282  -2.48908345682532625099e-28
1283  -3.32508903532178372590e-28
1284  -1.81896767462581676452e-27
1285  -2.17049136015912068159e-27
1286  -4.70146039075924250743e-09
1287   6.16664089875206817275e-10
1288  -3.43778921894622731812e-28
1289  -2.83393627818435324688e-28
1290  -4.26162359049348947691e-28
1291  -2.17455671804027908982e-27
1292  -2.09830460898904134489e-08
1293  -1.67542485669429515353e-27
1294   1.21928447378755320482e-08
1295  -2.05516464303849018314e-27
1296  -1.25237457694382491086e-08
1297  -4.16466494611010408276e-28
1298  -2.04543876944015522823e-27
1299   1.25333301014904221046e-08
1300  -2.67500481662018945330e-28
1301  -1.35833740323430364768e-27
1302   4.06344820569331986686e-09
1303  -3.47055672872797433438e-28
1304  -2.89803889626588224007e-28
1305  -1.25531448035350738179e-27
1306  -8.26699351688166947605e-09
1307  -4.02547958409353632475e-28
1308  -1.67354893025245605109e-27
1309   4.76444007762485476965e-09
1310  -1.58127768221085261460e-27
1311   5.61042036287660753700e-09
1312  -2.32634280417542254513e-28
1313  -1.73149434372783841857e-28
1314  -1.39068027428864096490e-28
1315  -1.80773478189158758043e-28
1316  -1.20659752224320479105e-27
1317   6.72660211420849313002e-09
1318  -1.79135274578166012452e-28
1319  -1.44376995951764168703e-28
1320  -8.30849065777298885516e-28
1321  -1.10407969148683449146e-27
1322  -7.96821302207672827141e-09
1323   5.96967934343649720817e-10
1324  -2.01097514598685143232e-27
1325  -1.39746687152722526427e-27
1326  -1.05832423814843699233e-27
1327  -1.95936972686115409562e-10
1328  -1.11979862926127363375e-09
1329   9.10159188023034860350e-09
1330  -2.21916690414680593248e-28
1331  -1.24574154599185715997e-27
1332   5.04086496144567686575e-09
1333  -1.34884710520844813392e-28
1334  -1.40551822781067315894e-28
1335  -6.95195726641717897070e-28
1336  -3.11886026559373252490e-10
1337  -7.36664989037148251321e-28
1338  -4.35755887227435855731e-10
1339  -2.00400590422507427689e-28
1340  -1.53763617803137569666e-28
1341  -2.06883915236939366378e-28
1342  -2.78837305583698659725e-28
1343  -1.18263973520132427946e-27
1344  -8.84739841308068048263e-28
1345   4.76653007156061041650e-09
1346   2.12019863825086405964e-09
1347  -7.04142422528221369962e-28
1348   5.15527064851742591157e-09
1349  -9.43982623682564214134e-28
1350  -1.53769057761029567301e-09
1351  -8.08401938586706492700e-29
1352  -6.70617440102753774675e-28
1353   2.79270067288427495337e-09
1354  -9.31369274673484564045e-29
1355  -6.42777893194640731620e-28
1356  -2.46561787621392989672e-09
1357  -1.09304887350270858751e-28
1358  -1.02908245462152851934e-28
1359  -6.28975247117741593346e-28
1360   4.49098084449979320851e-09
1361  -6.85992690863224596864e-28
1362  -4.71364308913384075741e-09
1363  -8.50082778260973402905e-29
1364  -5.03586288541108036095e-28
1365   3.91797461954022878973e-09
1366  -8.23976243511655234917e-29
1367  -4.61276677290001200272e-28
1368  -2.02480141267067684224e-09
1369  -6.54845125858671721599e-29
1370  -7.62073172021183520066e-29
1371  -3.59641240788475782261e-28
1372  -3.38380324091633189799e-28
1373  -5.30955381437810707475e-10
1374   1.64008344769701652314e-09
1375  -1.11976760347531012566e-28
1376  -5.43934970844420546927e-28
1377  -2.06693921975786452551e-09
1378  -1.09003254922794883118e-28
1379  -4.88569749571970943992e-28
1380  -4.49772292916753585192e-09
1381  -4.65729221127543049092e-29
1382  -5.07573851234552232405e-29
1383  -5.71786605195907646425e-29
1384  -3.63081213376392737435e-28
1385  -4.34489537097728504205e-28
1386   4.27225924405977454494e-09
1387  -7.52374005427807796678e-10
1388  -3.59001265993471292269e-28
1389  -2.99359470889608517383e-09
1390  -5.94820479037820581298e-29
1391  -3.78665195248701414471e-28
1392   4.58489594494635158565e-11
1393  -5.97546959507532361481e-29
1394  -3.61495302449664454794e-29
1395  -2.16800995818569926809e-28
1396  -3.55617887872426509536e-28
1397  -2.57974535677553801207e-10
1398  -4.86936286766148595202e-09
1399  -5.03086673160764103764e-29
1400  -2.76119561997230419662e-28
1401  -7.14750154225671064593e-10
1402  -4.15053020797942967565e-29
1403  -2.43666348392550653129e-28
1404  -2.09913729382285363987e-09
1405  -4.18856329355459567664e-29
1406  -2.09199142554168655264e-28
1407  -2.77379286058632569274e-10
1408  -3.80361522473229254194e-29
1409  -2.01093278724200024049e-28
1410  -4.87902597311038531371e-10
1411  -6.36329924222836888204e-29
1412  -2.97391857631268829236e-28
1413   3.01608128954340658859e-09
1414  -4.59031283745479330244e-29
1415  -2.22456361576235677977e-28
1416  -8.82196096420668112415e-10
1417  -3.35288751453730368270e-29
1418  -2.44459161425432798301e-28
1419  -1.00840667524961354756e-09
1420  -3.43369829370720969502e-29
1421  -2.30728825714292480104e-28
1422  -2.90831985865148998484e-09
1423  -2.19538970902410241357e-29
1424  -1.45295174113845795005e-28
1425  -1.16489216578656699987e-09
1426  -1.77834666630527183853e-29
1427  -1.88459522278328867718e-29
1428  -1.12219119818494840152e-28
1429  -1.12114910490167658387e-28
1430  -2.86328034338521621118e-10
1431   5.79255599502520620691e-10
1432  -3.63018515918273428660e-29
1433  -2.35126700638818012805e-28
1434   3.66240647424425644705e-09
1435  -2.76900115106217251935e-29
1436  -1.63883920226242652190e-28
1437   1.18034457252313203307e-09
1438  -2.81080311871913719979e-29
1439  -2.23073205060230447154e-29
1440  -1.18058648220972259063e-28
1441  -1.57125700654763382903e-28
1442   4.70190814060480420594e-10
1443   6.04511817903695229965e-11
1444  -2.17459178491082026018e-29
1445  -1.12599854767948948220e-28
1446  -3.69093661329435873805e-10
1447  -2.69778579966288308263e-29
1448  -1.35038515442530210587e-28
1449   9.64607541625496595317e-10
1450  -3.75790734973021695687e-29
1451  -1.72452704301760261934e-28
1452  -1.12009438793505477341e-09
1453  -1.86167807258361793120e-29
1454  -2.02075978898641278007e-29
1455  -1.36624308138899326857e-29
1456  -9.42736565411806072420e-29
1457  -1.48423292696537546716e-28
1458  -1.07102728061898799303e-09
1459   3.12401649078148096240e-09
1460  -1.40934168326095327321e-28
1461  -2.01836271567835990589e-09
1462  -1.30171007513743263435e-29
1463  -1.13913050377192830314e-29
1464  -7.13342901813720200349e-29
1465  -6.43930974759283378674e-10
1466  -9.67673819528570732110e-30
1467  -5.87983228458857125952e-29
1468   4.74488443148386580021e-10
1469  -1.74098765021609757526e-29
1470  -9.78771618066093789785e-29
1471  -5.60664393405046411367e-10
1472  -1.21150412218397778569e-29
1473  -1.30047037457056983564e-29
1474  -6.82423036531472011866e-29
1475  -6.54614061721281841000e-29
1476  -5.47770943544188716195e-12
1477  -2.11051519258155135425e-11
1478  -8.50527674419813364904e-29
1479   1.01068875101959374819e-09
1480  -1.56687703155326319993e-29
1481  -8.07830085875453024492e-29
1482  -2.20703503641176163185e-10
1483  -1.80961600575241266519e-29
1484  -8.87390567649371585328e-29
1485  -1.78821075856768051602e-10
1486  -1.30841613730855169555e-29
1487  -9.65082770177899942510e-29
1488  -1.20318377124718985893e-09
1489  -7.88494576916787378672e-30
1490  -8.60801963567728192329e-30
1491  -5.80423352630034562364e-29
1492  -5.76766593466094015781e-29
1493  -1.53858307153978776842e-10
1494   1.29321732941386054565e-09
1495  -7.05331915086560297705e-30
1496  -4.55896392249777480917e-29
1497   3.92541489232895282332e-10
1498  -6.27474890306000019142e-30
1499  -6.76953256725862660845e-30
1500  -3.81261154102856731750e-29
1501  -3.89990864568745601892e-29
1502  -5.63414712623982559812e-10
1503  -1.23641321341665277317e-10
1504  -7.77794846167762619098e-30
1505  -9.10297411335961682372e-30
1506  -5.14771666135607929084e-29
1507   5.51919264205157200396e-11
1508  -4.28256987052021905360e-29
1509  -3.40557987412659707934e-11
1510  -8.67043240419725167873e-30
1511  -4.63966695707799740960e-29
1512   3.31911526467279985388e-11
1513  -8.99907492698287028298e-30
1514  -1.15300348472805013095e-29
1515  -1.13767591396854992924e-29
1516  -5.52458950875356416236e-29
1517  -5.93900132357233318406e-29
1518  -8.86005381135252626537e-11
1519   2.20936929269354505780e-10
1520  -4.74496283550085250446e-29
1521  -1.03540682041867738390e-10
1522  -6.11065132803432854686e-30
1523  -4.77822672095079179319e-30
1524  -4.84715429899723020719e-29
1525  -3.48521655614634949752e-29
1526  -1.56573218478665191528e-10
1527  -5.82293359208365549179e-10
1528  -5.64942325916915396064e-30
1529  -4.65875529060636916354e-30
1530  -3.85650339492197302640e-29
1531  -3.11773969978018479246e-29
1532  -5.74652349639578278870e-10
1533   1.19587232333452844045e-10
1534  -5.20171623913848026213e-30
1535  -3.26353640949911238288e-29
1536   5.03127923571148433355e-10
1537  -5.72485222941873077560e-30
1538  -6.84010549820334474646e-30
1539  -6.39794423015299999677e-30
1540  -3.30928651828426686513e-29
1541  -3.75498407977739401779e-29
1542  -3.60665729895597900341e-29
1543  -1.86347806628613678532e-10
1544  -6.49431739787853449961e-11
1545   1.25664928973077239668e-10
1546  -7.90564101254774816696e-30
1547  -4.19463690756269334899e-29
1548   2.40957587053417227397e-11
1549  -8.08230250852966639963e-30
1550  -4.19811523355703606144e-29
1551   1.38633839245547262605e-10
1552  -8.86593188831393099121e-30
1553  -4.58363066145870736740e-29
1554  -8.58661506101971376130e-11
1555  -3.75198090259309034376e-30
1556  -2.92372157468966995876e-29
1557   3.39730182168678451817e-10
1558  -3.67846582193277682727e-30
1559  -2.72037829726302087503e-29
1560   5.63365123117716794598e-10
1561  -3.95921118886903671379e-30
1562  -2.67152173578003784445e-29
1563  -6.84828298770520383692e-10
1564  -7.59658554888248883534e-30
1565  -3.92593217074907821375e-29
1566  -5.27749353251178157015e-11
1567  -3.40024224246279067792e-30
1568  -3.11794738694969123381e-30
1569  -2.51006623283700580040e-29
1570  -2.33447510456964426666e-29
1571  -8.34026712670517131133e-10
1572   1.96078312249357929806e-10
