1.000000e+00
2.972283e-01
1.747807e-01
1.280459e-01
1.178361e-01
1.066079e-01
7.966595e-02
7.757617e-02
8.546181e-02
6.829335e-02
3.156719e-02
1.243673e-02
7.329691e-03
4.122093e-03
1.869851e-03
1.016299e-03
5.299297e-04
2.683277e-04
2.401876e-04
1.678428e-04
9.067635e-05
4.643388e-05
3.170497e-05
1.903893e-05
1.592517e-05
1.339917e-05
8.004316e-06
4.378949e-06
3.285092e-06
2.545986e-06
1.733076e-06
1.060408e-06
5.006795e-07
2.620059e-07
1.382851e-07
5.103994e-08
2.111779e-08
1.206332e-08
6.949032e-09
3.852056e-09
2.501156e-09
1.345302e-09
4.938548e-10
2.623977e-10
1.726804e-10
1.135529e-10
8.552362e-11
9.018528e-11
5.061349e-11
2.652620e-11
1.261246e-11
6.688583e-12
3.130175e-12
1.311166e-12
7.571306e-13
