1.000000e+00
9.978093e-01
1.481544e+01
8.179817e+00
1.233881e+01
9.094104e+00
1.143703e+01
9.449917e+00
1.086896e+01
9.713633e+00
1.035740e+01
9.977518e+00
9.939695e+00
1.016482e+01
9.688269e+00
1.015894e+01
9.617941e+00
9.953503e+00
9.674469e+00
9.680590e+00
9.739520e+00
9.481525e+00
9.692791e+00
9.408007e+00
9.520723e+00
9.415895e+00
9.320592e+00
9.404448e+00
9.188380e+00
9.300709e+00
9.142641e+00
9.130011e+00
9.126251e+00
8.976054e+00
9.060445e+00
8.890680e+00
8.922976e+00
8.856226e+00
8.766376e+00
8.808840e+00
8.653017e+00
8.702110e+00
8.595437e+00
8.555192e+00
8.551915e+00
8.425146e+00
8.469298e+00
8.344553e+00
8.338955e+00
8.294779e+00
8.202609e+00
8.227670e+00
8.102581e+00
8.115964e+00
8.040718e+00
7.981726e+00
7.980620e+00
7.867679e+00
7.886002e+00
7.791426e+00
7.759752e+00
7.731205e+00
7.637708e+00
7.649861e+00
7.547436e+00
7.534840e+00
7.481889e+00
7.410527e+00
7.408956e+00
7.308457e+00
7.305988e+00
7.234430e+00
7.184193e+00
7.164986e+00
7.073649e+00
7.072950e+00
6.989882e+00
6.957111e+00
6.919641e+00
6.841862e+00
6.836092e+00
6.748665e+00
6.728127e+00
6.674389e+00
6.611833e+00
6.596207e+00
6.510687e+00
6.496572e+00
6.430353e+00
6.382344e+00
6.354318e+00
6.275472e+00
6.262240e+00
6.188249e+00
6.152354e+00
6.111498e+00
6.042308e+00
6.025327e+00
5.948401e+00
5.921077e+00
5.868717e+00
5.810370e+00
5.786326e+00
5.710788e+00
5.688036e+00
5.626747e+00
5.578834e+00
5.545907e+00
5.475119e+00
5.453062e+00
5.386107e+00
5.346976e+00
5.304797e+00
5.240923e+00
5.216262e+00
5.147049e+00
5.114235e+00
5.063673e+00
5.007631e+00
4.977958e+00
4.909586e+00
4.880256e+00
4.823092e+00
4.774665e+00
4.738609e+00
4.673533e+00
4.644900e+00
4.583438e+00
4.541501e+00
4.498725e+00
4.438564e+00
4.408224e+00
4.344912e+00
4.307729e+00
4.258793e+00
4.204279e+00
4.170446e+00
4.107538e+00
4.073080e+00
4.019222e+00
3.970259e+00
3.931887e+00
3.871195e+00
3.837444e+00
3.780300e+00
3.736124e+00
3.692912e+00
3.635654e+00
3.600850e+00
3.542183e+00
3.501568e+00
3.453878e+00
3.400627e+00
3.363449e+00
3.304898e+00
3.266392e+00
3.215084e+00
3.165808e+00
3.125471e+00
3.068361e+00
3.030508e+00
2.976745e+00
2.930918e+00
2.887182e+00
2.832407e+00
2.793936e+00
2.738980e+00
2.695734e+00
2.648840e+00
2.596825e+00
2.556786e+00
2.501807e+00
2.460108e+00
2.410665e+00
2.361391e+00
2.319223e+00
2.265164e+00
2.223978e+00
2.172814e+00
2.125899e+00
2.081445e+00
2.028927e+00
1.987364e+00
1.935368e+00
1.890189e+00
1.843638e+00
1.792935e+00
1.750349e+00
1.698334e+00
1.654157e+00
1.605960e+00
1.557022e+00
1.513059e+00
1.461656e+00
1.417766e+00
1.368518e+00
1.321038e+00
1.275639e+00
1.225231e+00
1.181035e+00
1.131355e+00
1.084863e+00
1.038219e+00
9.889280e-01
9.440327e-01
8.944563e-01
8.484248e-01
8.008993e-01
7.526061e-01
7.068419e-01
6.577417e-01
6.116811e-01
5.637099e-01
5.161110e-01
4.695171e-01
4.210447e-01
3.745631e-01
3.265264e-01
2.791621e-01
2.318541e-01
1.837850e-01
1.364770e-01
8.935188e-02
4.788661e-02
1.983244e-02
7.546947e-03
4.148432e-03
3.008884e-03
2.605094e-03
2.004606e-03
1.779441e-03
1.534416e-03
1.348709e-03
1.266468e-03
1.069314e-03
1.057459e-03
9.275430e-04
8.863097e-04
7.847364e-04
7.900343e-04
7.084334e-04
6.862301e-04
6.287916e-04
6.139362e-04
5.735594e-04
5.588455e-04
5.295469e-04
5.095199e-04
4.886353e-04
4.675196e-04
4.531914e-04
4.319339e-04
4.237581e-04
4.005843e-04
3.988447e-04
3.731895e-04
3.766295e-04
3.503202e-04
3.553683e-04
3.321772e-04
3.340791e-04
3.180092e-04
3.132018e-04
3.061168e-04
2.941705e-04
2.945459e-04
2.781303e-04
2.821493e-04
2.651846e-04
2.691604e-04
2.545483e-04
2.567512e-04
2.452904e-04
2.458465e-04
2.370710e-04
2.360481e-04
2.295273e-04
2.259253e-04
2.221615e-04
2.153643e-04
2.157137e-04
2.060037e-04
2.102506e-04
1.991245e-04
2.041308e-04
1.934140e-04
1.957353e-04
1.881655e-04
1.873781e-04
1.845046e-04
1.813058e-04
1.808684e-04
1.753176e-04
1.750840e-04
1.694474e-04
1.702645e-04
1.654817e-04
1.667954e-04
1.606640e-04
1.616639e-04
1.558037e-04
1.575428e-04
1.536030e-04
1.531118e-04
1.503068e-04
1.471158e-04
1.477230e-04
1.437825e-04
1.452791e-04
1.398833e-04
1.405779e-04
1.373494e-04
1.378592e-04
1.352534e-04
1.337825e-04
1.315287e-04
1.312221e-04
1.296886e-04
1.285244e-04
1.262849e-04
1.251396e-04
1.250171e-04
1.226674e-04
1.223115e-04
1.191204e-04
1.202928e-04
1.179948e-04
1.174498e-04
1.153872e-04
1.147205e-04
1.144643e-04
1.124491e-04
1.114018e-04
1.105518e-04
1.100280e-04
1.090036e-04
1.070628e-04
1.068280e-04
1.061938e-04
1.048957e-04
1.039556e-04
1.027816e-04
1.031149e-04
1.010959e-04
1.003492e-04
9.974908e-05
9.933716e-05
9.823620e-05
9.697576e-05
9.669388e-05
9.629160e-05
9.453798e-05
9.455217e-05
9.356056e-05
9.343031e-05
9.169435e-05
9.136655e-05
9.145941e-05
8.978268e-05
8.970117e-05
8.849439e-05
8.885818e-05
8.700534e-05
8.703432e-05
8.655340e-05
8.587802e-05
8.462994e-05
8.477859e-05
8.401822e-05
8.345050e-05
8.248852e-05
8.256022e-05
8.180437e-05
8.056538e-05
8.127604e-05
7.972308e-05
7.994678e-05
7.831145e-05
7.933541e-05
7.769116e-05
7.748116e-05
7.717428e-05
7.657301e-05
7.596744e-05
7.558512e-05
7.550508e-05
7.433636e-05
7.423952e-05
7.383764e-05
7.363990e-05
7.225445e-05
7.312012e-05
7.157968e-05
7.191254e-05
7.090982e-05
7.114706e-05
7.008313e-05
6.983078e-05
7.011141e-05
6.866369e-05
6.898847e-05
6.825329e-05
6.830339e-05
6.725237e-05
6.760652e-05
6.669701e-05
6.654134e-05
6.610885e-05
6.613596e-05
6.497069e-05
6.535674e-05
6.486348e-05
6.416973e-05
6.423654e-05
6.359801e-05
6.368242e-05
6.265399e-05
6.326861e-05
6.199021e-05
6.223962e-05
6.195475e-05
6.136537e-05
6.105788e-05
6.105106e-05
6.055084e-05
6.014877e-05
6.006803e-05
5.968848e-05
5.929519e-05
5.915141e-05
5.894894e-05
5.814749e-05
5.871834e-05
5.770073e-05
5.768258e-05
5.748904e-05
5.722930e-05
5.678232e-05
5.660265e-05
5.650944e-05
5.592117e-05
5.596679e-05
5.562664e-05
5.511134e-05
5.514031e-05
5.403756e-05
4.953372e-05
3.863949e-05
2.049242e-05
7.134327e-06
1.358101e-06
2.003999e-07
3.984655e-08
1.008308e-08
1.973337e-09
3.214633e-10
5.430991e-11
7.199768e-12
9.096176e-13
1.176023e-13
4.230038e-14
