1.000000e+00
9.712244e+01
1.692013e-01
1.050780e+00
1.185283e-01
3.517852e-01
5.253688e-02
2.073798e-01
6.993979e-02
6.246625e-01
1.006272e-01
1.800779e-01
2.716199e-01
7.771598e-02
8.126615e-01
8.513473e-02
6.790108e-01
7.111042e-02
1.044978e+00
1.162201e-01
9.823656e-02
9.792245e-01
6.239497e-02
1.210476e-01
8.629084e-02
1.130069e-01
1.337395e-01
7.900662e-02
1.891556e-01
1.875821e-01
1.736661e-01
1.950215e-02
8.455512e-02
3.772420e-02
1.094044e-01
7.962116e-02
1.486261e-01
1.480006e-01
7.046796e-02
8.849907e-02
5.244819e-02
1.701531e-01
2.844805e-02
2.857717e-02
2.503854e-02
4.141981e-02
6.039629e-02
5.648960e-02
4.144949e-02
6.939352e-02
6.946501e-02
2.124138e-02
3.131818e-02
3.453204e-02
3.699537e-02
3.062835e-02
7.836789e-02
7.230267e-02
6.610408e+00
4.690763e-01
6.872021e-02
7.560792e-02
7.686395e-02
2.342696e-01
4.045573e-02
9.768555e-01
8.988355e-02
7.234618e-02
7.496073e-02
5.845423e-02
5.426230e-02
1.519725e-01
1.440402e-01
5.446431e-02
2.615014e-01
1.211033e-01
1.627923e-01
1.776013e-01
1.303081e-01
1.580385e+00
7.190308e-01
1.343445e-01
1.354195e-01
8.755532e-02
8.814649e-02
7.191640e-02
2.207445e+00
2.111487e+00
1.771899e-01
1.810308e-01
4.617365e-02
1.150992e-01
2.455644e-01
1.509344e-01
3.703722e-01
3.120537e-01
6.324117e-01
5.576580e-01
2.269300e-01
2.354940e-01
2.103470e-01
5.800169e+00
3.956092e+00
2.347288e-01
9.647592e-01
8.964985e-01
1.046332e+00
8.861326e-01
1.519355e+00
1.613432e+00
4.807889e-01
1.225422e+00
1.380863e-01
1.502228e-01
1.498369e-01
2.966036e-01
2.551226e-01
1.475589e+00
2.250144e+00
1.258209e+00
4.300886e-01
4.461639e-01
4.609993e-01
4.362496e-01
2.986571e-01
7.682054e-01
3.876467e-02
3.935751e-02
1.366382e-01
5.155451e-02
9.094626e-02
9.105573e-02
8.556428e-02
1.221984e-01
8.635306e-02
9.898873e-02
1.019858e-01
9.799691e-02
4.847693e-02
3.347830e-01
6.021080e-01
1.610546e-01
1.737917e-01
2.914795e-02
3.234250e-02
3.245581e-02
4.756124e-02
4.755322e-02
3.435327e-02
3.009418e-02
1.944988e-01
1.272175e-01
3.817800e-01
2.604654e-01
7.790109e-02
8.318911e-02
8.479923e-02
8.380346e-02
3.266241e-02
3.234726e-02
2.651609e-02
2.318477e-01
2.302011e-01
6.247937e-01
5.804233e-01
2.717016e+00
2.401459e+00
1.228395e+01
7.624692e-01
1.770878e+00
3.721480e-01
1.623058e-01
2.908300e-01
7.572563e-02
9.969867e-02
6.706595e-02
6.706086e-02
6.812267e-02
5.516101e-02
4.390798e-01
2.337218e-01
4.060479e-02
4.148353e-02
4.212907e-01
1.743994e+00
1.736604e-02
1.804648e-02
1.803158e-02
5.053229e-02
4.285062e-02
6.563194e-01
2.094106e-01
2.019902e-01
1.985635e-01
1.963703e-01
2.343991e-01
2.287436e-01
3.745858e-02
2.040494e-01
9.045435e-01
1.636829e+00
2.284612e-01
2.540568e-01
2.494444e-01
2.137873e-01
2.220718e-01
1.886488e-01
1.792669e-01
2.064548e-02
1.010015e-01
2.923614e-02
1.509143e-02
1.444589e-02
9.734980e-02
1.012678e-01
4.915204e-02
1.198390e-01
9.414486e-03
3.867270e-02
4.290422e-02
6.597423e-02
8.118266e-02
5.349837e-02
4.260764e-02
4.255639e-02
4.192506e-02
4.214153e-02
3.035198e-02
1.003941e-01
1.360497e-02
1.312126e-02
9.364137e-03
3.176318e-02
1.978921e-02
3.560020e-02
2.716634e-02
9.172762e-02
4.227711e-02
2.056829e-01
3.388614e-02
5.248014e-02
1.039465e-01
1.109217e-01
1.094399e-01
1.432787e-02
8.229156e-01
8.563593e-01
5.849745e-01
7.690970e-01
1.119100e+00
1.604531e-01
4.193704e-01
3.947698e-01
5.482193e-02
5.641743e-02
1.610808e-02
1.287876e-01
5.671547e-02
4.403859e-02
6.396757e-02
3.627006e-02
5.328933e-01
5.297376e-01
5.114531e-02
5.028306e-02
2.124693e+00
1.049102e-01
1.993807e+00
1.883097e+00
3.243012e+00
2.403350e+00
2.490622e+00
1.487679e+00
1.531989e+00
7.295476e-01
8.626951e-01
5.045649e-01
2.168261e-01
2.370110e-01
1.379845e+00
3.150611e+00
6.745019e-01
5.346157e-01
3.166392e-01
3.550963e-01
2.919466e-01
1.060839e+00
2.611823e-01
7.755276e-01
4.286276e-02
4.447254e-01
1.656404e+00
3.495194e-01
4.658575e-01
2.102434e+00
2.086488e+00
3.049372e+01
5.735536e-01
2.657745e-01
1.246430e+01
4.470927e+01
8.645227e+00
7.903945e+00
1.860959e+00
1.855804e+00
5.328522e-02
6.969688e-02
5.985262e-02
1.261015e-01
1.231686e-01
1.586536e-01
2.370588e-01
2.709410e-01
1.698043e-01
2.648731e+00
1.800630e+00
6.415709e-01
6.574515e-01
6.004830e-01
5.047803e+01
4.037796e+01
6.754451e+00
3.280310e-01
4.493906e-02
6.975113e-01
6.166837e-01
7.232595e-02
1.004344e-01
9.215338e-02
1.013949e-01
9.812823e-02
5.182309e-02
1.008867e-01
2.759506e-01
9.291598e-01
9.297559e-01
1.856860e-02
1.536832e+00
1.810172e-01
4.095546e-01
8.497900e-02
3.240600e-02
4.101299e-01
3.091321e-02
6.256126e-02
4.252773e-02
7.553304e-02
1.014264e-01
3.910999e-02
8.168513e-02
2.981007e-02
8.524706e-02
3.916728e-02
2.336844e+01
1.268131e+01
5.866245e-02
5.806410e-02
1.234535e-02
7.660824e-02
8.023886e-02
8.798311e-02
7.230804e-02
2.265288e-02
4.599443e-02
1.729075e-02
2.055542e-02
1.953540e-02
2.806011e+00
2.810124e+00
7.888108e-02
7.880088e-02
7.356734e-02
1.318105e-01
1.318713e-01
6.002339e-02
1.695275e-01
1.617354e-01
9.124204e-02
2.544088e-01
1.639058e+00
1.557269e-01
2.474447e-01
2.011066e+00
9.592746e-02
1.229075e-01
5.342893e-02
5.147217e-01
5.198813e-01
2.514023e-01
7.747301e-02
3.060904e-02
1.374236e-01
1.354861e-01
7.861931e-02
7.857505e-02
4.366353e-02
8.069406e-02
6.691483e-02
6.770537e-01
1.859726e-02
1.960907e-02
7.497092e-02
7.436229e-02
6.484740e-02
2.033672e-01
3.130697e-01
2.277163e-01
3.893720e-02
6.329469e-02
2.922657e-02
2.947138e-02
3.164836e-02
3.064174e-02
7.145518e-02
7.878476e-02
6.182552e-02
6.521538e-02
2.305487e-02
2.311696e-02
4.894067e-02
1.168565e-01
6.822457e-02
1.976803e-01
3.879348e-01
5.552518e-02
5.477514e-02
7.374367e-02
6.813180e-02
2.171567e-02
3.810091e-02
1.601112e-02
1.258546e-01
5.874210e-02
3.420833e-01
2.793972e+00
1.228487e+00
4.027208e+00
5.624613e-02
5.952495e+00
5.766060e-01
3.254044e+00
3.520572e-01
3.481239e-02
5.321768e-02
5.320993e-02
4.455811e-02
1.524845e-01
2.431326e-01
6.323796e-02
5.154809e-02
1.555773e-01
1.491995e-01
1.628279e-01
3.949694e-01
4.756888e-02
1.028827e+01
2.544667e+00
3.160614e+00
2.947561e+00
3.990251e-01
2.093234e+01
2.594136e-01
2.499760e+00
2.355488e-01
4.632830e-02
6.259439e-02
3.062658e-02
3.623492e-02
3.535560e-02
1.109361e-01
1.109952e-01
2.044015e-01
2.555094e-01
2.322684e+00
1.819910e+00
2.375358e-01
4.046739e-01
3.497645e-01
2.234577e-01
2.500073e-01
2.500926e-01
4.826234e-02
4.862655e-02
4.670719e-02
6.415182e-02
5.617101e-02
1.883801e-01
1.585884e-01
1.632954e-01
1.287715e-01
1.436528e-01
1.178500e-01
9.812750e-02
1.009969e-01
1.207797e-01
4.543519e-02
3.649907e-01
3.922435e-01
3.836187e-01
1.701427e+00
8.326849e-01
9.378652e-01
1.262220e-01
1.270896e-01
5.997000e-01
5.569783e-01
8.746542e-02
1.811844e+00
1.818898e+00
9.285782e-01
1.540334e-01
2.588616e-01
1.637653e-01
1.994331e-01
2.994869e-02
3.115240e-02
2.613805e-02
3.650830e-02
3.639478e-02
3.299371e-02
3.072994e-02
4.207238e-02
3.747284e-02
5.235947e-02
6.005392e-02
4.401834e-02
4.517002e-02
1.250283e-01
1.180659e-01
5.088626e-02
4.839198e-02
2.595710e-01
9.993865e-02
2.814590e-01
2.545664e-01
8.647825e-02
1.034594e-01
2.407160e-02
1.153582e-01
2.715184e+00
3.298744e-01
7.409196e-01
1.949716e+00
8.495175e-01
3.509047e+00
9.904740e-01
1.678390e+00
1.636108e-01
1.511637e-01
1.186139e-01
3.202566e-01
1.548505e-01
9.250824e-02
1.094474e-01
1.678413e+00
1.167430e-01
3.385338e-02
4.535368e-02
4.616552e-02
4.889469e-02
5.470463e-02
2.348512e-01
2.123383e-01
6.883328e-02
6.657548e-02
2.594180e-01
7.518791e-01
1.546545e-01
3.967382e-01
3.519722e-02
8.622065e-02
5.545161e-02
4.246578e-02
5.439218e-02
4.652979e-01
4.964137e-01
2.581294e-01
5.097452e+00
2.452215e-01
2.102802e-01
1.329529e-01
2.658285e-01
2.139167e+00
7.919760e+01
5.842516e-01
1.810050e+00
2.215616e+00
8.035791e-01
4.834890e-01
9.264583e-01
8.046233e-01
2.477086e+00
2.132127e+00
7.359405e-01
1.112686e+00
6.841306e+00
8.109453e-01
1.198686e+00
1.867736e+00
3.754476e-01
3.768208e-01
2.957142e-01
2.753379e-01
4.100135e-01
3.728473e-01
4.832459e-02
1.816456e-01
3.616424e-02
3.802507e-02
3.311406e-02
3.174251e-02
3.287881e-02
5.457661e-01
2.401296e-01
2.318006e-02
3.683395e-02
3.609632e-02
2.455751e-02
1.686235e-01
1.807579e-01
2.522492e-01
1.084377e-01
2.236869e-02
7.665823e-02
1.886307e-01
1.535195e-02
6.397232e-01
6.518234e-01
3.233684e+00
3.448909e-01
3.134676e+00
9.288255e-01
1.978735e-01
1.815894e-01
6.242994e-02
9.605341e-02
7.235241e-02
5.580311e-01
7.822022e-02
1.873852e-01
1.494538e-01
2.197068e-01
8.523442e-02
4.363803e-01
2.852048e-02
6.302933e-02
2.141223e-01
5.001865e-02
2.331935e-01
2.842040e+00
6.977036e-02
2.902954e-02
3.204552e+00
1.679935e-01
2.403550e-02
2.126060e-01
1.386394e-01
2.015213e-02
1.724327e-02
1.436398e-02
1.295197e-02
2.558152e-02
2.502887e-02
3.976971e-01
1.059337e+00
4.721799e-02
5.491128e-02
6.250805e-02
5.950783e-02
1.600513e-02
1.623361e-01
3.759388e-02
1.332552e-01
1.554029e-01
1.237871e-01
1.308359e-01
1.521281e-02
6.083876e-02
2.839044e-02
3.366266e-02
1.516485e-02
4.626057e-02
2.522263e-01
5.543258e-01
2.167778e-02
2.204327e-02
2.205898e-02
1.031474e-02
1.023699e-02
9.651630e-03
9.148289e-03
3.523532e-01
3.532754e-01
3.146624e-02
7.700558e-01
1.349852e-01
4.099793e-02
2.386816e-01
3.355405e-01
2.823032e-01
3.119045e-01
6.322350e-02
5.661009e-02
6.004325e-02
6.996339e-01
7.047429e-01
7.046116e-01
5.204445e+00
2.105699e-01
2.098515e-01
3.852364e-02
1.620896e-01
6.515728e-02
4.699837e-01
4.914694e-01
4.995568e-01
4.478619e-01
5.295951e-01
4.813743e-01
5.404018e-01
2.717613e-01
4.270145e-01
2.531574e+01
6.769052e-02
3.681518e+00
1.244419e+01
5.550044e-02
3.133281e+00
3.741341e-01
7.464716e+00
1.464592e+01
1.502463e-01
1.532311e-01
4.348006e-02
1.284499e-01
1.220748e-01
3.032612e-02
1.503996e-02
2.710362e-02
2.003700e-02
1.581992e-02
9.459018e-03
1.800876e-02
1.973365e-02
1.970862e-02
1.731857e-02
1.658238e-02
4.307606e-02
7.803654e-02
4.222520e-02
4.966816e-02
3.401478e-02
5.139902e-02
5.029747e-02
3.548054e-01
9.057294e-02
3.521477e-01
4.080436e-01
2.355954e-02
2.788439e-02
4.859342e-02
2.557472e-02
1.774547e-02
1.799134e-02
1.642297e-02
1.786476e-02
1.718592e-02
5.057519e-02
6.074003e-02
5.597656e-02
5.609943e-02
2.451000e-02
2.602263e-02
2.549294e-02
2.473570e-02
1.991023e-02
2.802634e-02
7.974010e-02
4.449442e-02
3.013795e-02
3.443982e-02
3.065369e-01
5.930064e-02
6.265327e-02
4.205110e-02
2.539612e-01
8.309607e-01
6.174119e-01
8.243530e-02
1.051980e-02
6.672200e-02
9.357255e-03
8.997390e-03
9.220450e-03
9.164867e-03
6.378471e-03
1.036243e-02
1.190268e-02
1.193462e-02
7.116551e-02
3.624004e-02
1.036388e-01
1.206981e-01
1.854117e-01
1.411747e-01
1.941292e-01
7.743074e-02
1.452179e-01
3.459110e-02
9.119094e-02
8.315083e-02
4.012431e-02
4.596969e-02
1.188009e-02
3.461630e-02
3.318915e-02
4.745670e-02
1.687125e-02
1.655852e-02
4.988400e-02
4.816260e-02
3.355006e-02
2.868444e-01
1.379540e-01
3.715090e-02
8.335990e-03
3.054767e-02
1.677283e-02
6.239429e-03
5.395990e-02
4.674460e-02
1.047118e-01
5.677990e-02
8.273022e-01
1.087000e-01
2.182637e-01
1.855439e-01
5.037673e-01
5.361848e-01
1.113259e+00
1.393211e+00
2.322123e-01
2.370487e-01
3.281849e-02
5.112466e-01
5.676840e-02
9.600225e-02
4.304599e-02
5.583452e-02
5.332261e-02
9.333711e-02
6.747460e-02
1.040278e-01
7.136724e-02
1.019954e-01
4.935152e-02
1.543983e+00
9.748573e-01
5.410729e-02
1.579015e-01
6.376155e-02
3.403651e+00
5.148043e-03
2.106193e-02
2.120730e-02
7.070463e-03
6.818288e-03
6.290289e-02
1.709223e-02
2.065552e-02
1.838937e-02
3.747277e-02
2.557043e-02
1.953918e+00
1.287010e+00
3.088262e-01
2.672355e-01
7.445073e-02
1.435980e-01
3.010188e-01
2.138448e-01
8.109605e-02
1.037774e-01
4.551475e-02
5.468297e-02
2.164526e-02
9.273772e-02
3.701662e-02
9.034055e-02
1.494137e-01
6.693656e-02
7.213331e-02
4.875534e-02
4.557609e-02
3.702239e-02
4.311734e-02
2.127784e-02
8.168287e-01
3.888297e-02
2.955053e-02
4.545546e-01
2.069697e-01
2.896433e-01
2.101110e-01
5.388949e-01
5.292443e-02
1.279709e-01
1.840429e-01
2.455602e-01
3.233320e-02
2.314581e-01
2.192953e-02
2.709089e-02
2.633688e-02
7.295793e-02
5.998232e-02
7.526435e+00
1.000861e+00
1.534358e+00
5.618442e-01
4.088161e-01
6.247619e-01
6.258298e-01
1.049945e+00
8.875426e-01
1.592307e+00
7.085499e-01
1.125838e+00
2.138193e+00
2.646263e+00
1.522452e-02
1.701217e-02
1.395594e-02
1.544564e-02
2.983618e-02
1.864224e-02
1.505767e-02
1.425192e-02
5.766016e-02
2.496040e-02
3.179285e-01
6.245112e-02
6.261262e-02
1.395267e-01
1.519704e-01
5.605530e-02
9.020190e-02
8.957703e-02
2.049998e-02
3.080131e-02
1.579096e-02
1.836206e-02
1.351497e-02
1.486663e-02
1.443993e-02
1.553703e-02
1.496302e-02
1.555747e-02
1.507727e-02
1.414044e-02
4.388678e-02
4.379276e-02
6.035944e-02
3.564870e-02
3.698898e-02
3.786928e-02
1.422805e-02
1.437319e-02
1.436032e-02
3.175388e-02
1.714181e-02
1.571488e-02
1.574292e-02
1.526237e-02
1.438932e-02
1.616224e-02
1.910012e-02
1.946346e-02
1.927131e-02
2.515084e-02
2.250675e-02
1.314509e-01
2.739206e-02
1.529434e-02
1.505101e-02
3.630986e-02
2.583955e-02
9.736240e-02
9.834663e-02
9.679659e-02
9.789028e-02
5.948812e-01
5.179626e-01
9.216447e-02
1.672284e-01
1.000277e-01
1.228242e-01
5.117869e-02
6.813026e-02
6.432701e-02
6.086546e-02
