%%MatrixMarket vector coordinate real general
100
1   1.34242377048268513029e+00
2   2.18484754096537026058e+00
3   2.72365478958317197566e+00
4   3.04799595074143647722e+00
5   3.20107794822733771056e+00
6   3.20107794822733771056e+00
7   3.04799595074143647722e+00
8   2.72365478958317197566e+00
9   2.18484754096537026058e+00
10   1.34242377048268490825e+00
11   2.18484754096536981649e+00
12   3.67331160379562415841e+00
13   4.66177566662587672397e+00
14   5.26725106515524021944e+00
15   5.55523789394057310176e+00
16   5.55523789394057310176e+00
17   5.26725106515524021944e+00
18   4.66177566662587672397e+00
19   3.67331160379562415841e+00
20   2.18484754096537026058e+00
21   2.72365478958317153158e+00
22   4.66177566662587672397e+00
23   5.98288520796947409508e+00
24   6.80399474931307146619e+00
25   7.19738466843914448390e+00
26   7.19738466843914359572e+00
27   6.80399474931307146619e+00
28   5.98288520796947409508e+00
29   4.66177566662587672397e+00
30   2.72365478958317197566e+00
31   3.04799595074143647722e+00
32   5.26725106515524021944e+00
33   6.80399474931307235437e+00
34   7.76845805568842795452e+00
35   8.23292136206378621921e+00
36   8.23292136206378621921e+00
37   7.76845805568842884270e+00
38   6.80399474931307235437e+00
39   5.26725106515524021944e+00
40   3.04799595074143647722e+00
41   3.20107794822733815465e+00
42   5.55523789394057310176e+00
43   7.19738466843914359572e+00
44   8.23292136206378621921e+00
45   8.73292136206378621921e+00
46   8.73292136206378621921e+00
47   8.23292136206378621921e+00
48   7.19738466843914359572e+00
49   5.55523789394057398994e+00
50   3.20107794822733815465e+00
51   3.20107794822733771056e+00
52   5.55523789394057310176e+00
53   7.19738466843914359572e+00
54   8.23292136206378621921e+00
55   8.73292136206378621921e+00
56   8.73292136206378621921e+00
57   8.23292136206378621921e+00
58   7.19738466843914448390e+00
59   5.55523789394057398994e+00
60   3.20107794822733815465e+00
61   3.04799595074143692131e+00
62   5.26725106515524021944e+00
63   6.80399474931307146619e+00
64   7.76845805568842884270e+00
65   8.23292136206378621921e+00
66   8.23292136206378621921e+00
67   7.76845805568843061906e+00
68   6.80399474931307235437e+00
69   5.26725106515524021944e+00
70   3.04799595074143647722e+00
71   2.72365478958317197566e+00
72   4.66177566662587761215e+00
73   5.98288520796947409508e+00
74   6.80399474931307146619e+00
75   7.19738466843914359572e+00
76   7.19738466843914448390e+00
77   6.80399474931307235437e+00
78   5.98288520796947498326e+00
79   4.66177566662587672397e+00
80   2.72365478958317197566e+00
81   2.18484754096537026058e+00
82   3.67331160379562371432e+00
83   4.66177566662587761215e+00
84   5.26725106515524021944e+00
85   5.55523789394057310176e+00
86   5.55523789394057398994e+00
87   5.26725106515524021944e+00
88   4.66177566662587761215e+00
89   3.67331160379562415841e+00
90   2.18484754096537026058e+00
91   1.34242377048268513029e+00
92   2.18484754096537026058e+00
93   2.72365478958317197566e+00
94   3.04799595074143647722e+00
95   3.20107794822733815465e+00
96   3.20107794822733815465e+00
97   3.04799595074143736539e+00
98   2.72365478958317197566e+00
99   2.18484754096537026058e+00
100   1.34242377048268535233e+00
