%%MatrixMarket vector coordinate real general
800
1   5.51620447828491435871e+01
2   8.94248837408434269491e+01
3   1.31223295390552578965e+02
4   1.70314194789972333410e+02
5   2.09992058248545816923e+02
6   2.49616541779947283430e+02
7   2.88814201033710673983e+02
8   3.28345713047559684128e+02
9   3.67302491058793179945e+02
10   4.06649618317784700139e+02
11   4.45400431836117206785e+02
12   4.84549837328672083459e+02
13   5.23099780639217669886e+02
14   5.62049518521567847529e+02
15   6.00399334870510188011e+02
16   6.39149121247878724716e+02
17   6.77298919073369233956e+02
18   7.15848712526068425177e+02
19   7.53798507649022894839e+02
20   7.92148302133998186036e+02
21   8.29898096862661191153e+02
22   8.68047891498241142472e+02
23   9.05597686169378334853e+02
24   9.43547480826931405318e+02
25   9.80897275489673120319e+02
26   1.01864707015043290994e+03
27   1.05579686481195312808e+03
28   1.09334665947317876089e+03
29   1.13029645413451953573e+03
30   1.16764624879581424466e+03
31   1.20439604345712450595e+03
32   1.24154583811843144758e+03
33   1.27809563277974052653e+03
34   1.31504542744104696794e+03
35   1.35139522210235804778e+03
36   1.38814501676366830907e+03
37   1.42429481142497456858e+03
38   1.46084460608628137379e+03
39   1.49679440074759054369e+03
40   1.53314419540889753080e+03
41   1.56889399007020483623e+03
42   1.60504378473151359685e+03
43   1.64059357939282131156e+03
44   1.67654337405413343731e+03
45   1.71189316871543746856e+03
46   1.74764296337674795723e+03
47   1.78279275803805262512e+03
48   1.81834255269936011246e+03
49   1.85329234736066791811e+03
50   1.88864214202197695158e+03
51   1.92339193668328289277e+03
52   1.95854173134459119865e+03
53   1.99309152600589914073e+03
54   2.02804132066720626426e+03
55   2.06239111532851711672e+03
56   2.09714090998982237579e+03
57   2.13129070465112408783e+03
58   2.16584049931244044274e+03
59   2.19979029397374551991e+03
60   2.23414008863505250702e+03
61   2.26788988329636322305e+03
62   2.30203967795766766358e+03
63   2.33558947261897628778e+03
64   2.36953926728028500293e+03
65   2.40288906194158835206e+03
66   2.43663885660290179658e+03
67   2.46978865126420805609e+03
68   2.50333844592551395181e+03
69   2.53628824058682175746e+03
70   2.56963803524812783508e+03
71   2.60238782990943127515e+03
72   2.63553762457073980841e+03
73   2.66808741923204797786e+03
74   2.70103721389335851200e+03
75   2.73338700855466686335e+03
76   2.76613680321597621514e+03
77   2.79828659787727974617e+03
78   2.83083639253858609663e+03
79   2.86278618719989390229e+03
80   2.89513598186119543243e+03
81   2.92688577652250978645e+03
82   2.95903557118381741020e+03
83   2.99058536584512239642e+03
84   3.02253516050643156632e+03
85   3.05388495516774264615e+03
86   3.08563474982904244825e+03
87   3.11678454449035280049e+03
88   3.14833433915165551298e+03
89   3.17928413381296741136e+03
90   3.21063392847427621746e+03
91   3.24138372313558056703e+03
92   3.27253351779689182877e+03
93   3.30308331245819545074e+03
94   3.33403310711950189216e+03
95   3.36438290178081069826e+03
96   3.39513269644211914056e+03
97   3.42528249110342176209e+03
98   3.45583228576473220528e+03
99   3.48578208042603682770e+03
100   3.51613187508734336006e+03
101   3.54588166974865589509e+03
102   3.57603146440995760713e+03
103   3.60558125907126759557e+03
104   3.63553105373256994426e+03
105   3.66488084839388329783e+03
106   3.69463064305518628316e+03
107   3.72378043771649390692e+03
108   3.75333023237780025738e+03
109   3.78228002703910715354e+03
110   3.81162982170041641439e+03
111   3.84037961636172030921e+03
112   3.86952941102302338550e+03
113   3.89807920568433883091e+03
114   3.92702900034564390808e+03
115   3.95537879500694998569e+03
116   3.98412858966825706375e+03
117   4.01227838432956195902e+03
118   4.04082817899086512625e+03
119   4.06877797365218384584e+03
120   4.09712776831348492124e+03
121   4.12487756297479791101e+03
122   4.15302735763609689457e+03
123   4.18057715229739733331e+03
124   4.20852694695871014119e+03
125   4.23587674162001621880e+03
126   4.26362653628132920858e+03
127   4.29077633094262728264e+03
128   4.31832612560394500179e+03
129   4.34527592026524052926e+03
130   4.37262571492655661132e+03
131   4.39937550958785777766e+03
132   4.42652530424917313212e+03
133   4.45307509891047811834e+03
134   4.48002489357178365026e+03
135   4.50637468823307062848e+03
136   4.53312448289439726068e+03
137   4.55927427755569897272e+03
138   4.58582407221700304945e+03
139   4.61177386687829584844e+03
140   4.63812366153962648241e+03
141   4.66387345620092401077e+03
142   4.69002325086222481332e+03
143   4.71557304552353161853e+03
144   4.74152284018483260297e+03
145   4.76687263484614959452e+03
146   4.79262242950746258430e+03
147   4.81777222416876702482e+03
148   4.84332201883007837750e+03
149   4.86827181349138209043e+03
150   4.89362160815267725411e+03
151   4.91837140281398569641e+03
152   4.94352119747529286542e+03
153   4.96807099213660148962e+03
154   4.99302078679791611648e+03
155   5.01737058145920855168e+03
156   5.04212037612052063196e+03
157   5.06627017078182052501e+03
158   5.09081996544313915365e+03
159   5.11476976010443922860e+03
160   5.13911955476575349167e+03
161   5.16286934942704647256e+03
162   5.18701914408835546055e+03
163   5.21056893874966317526e+03
164   5.23451873341097871162e+03
165   5.25786852807228115125e+03
166   5.28161832273358777456e+03
167   5.30476811739489312458e+03
168   5.32831791205621175322e+03
169   5.35126770671750546171e+03
170   5.37461750137881426781e+03
171   5.39736729604010452022e+03
172   5.42051709070142896962e+03
173   5.44306688536273304635e+03
174   5.46601668002404221625e+03
175   5.48836647468533374195e+03
176   5.51111626934665491717e+03
177   5.53326606400794025831e+03
178   5.55581585866926343442e+03
179   5.57776565333056805684e+03
180   5.60011544799187686294e+03
181   5.62186524265316984383e+03
182   5.64401503731448974577e+03
183   5.66556483197579382249e+03
184   5.68751462663710663037e+03
185   5.70886442129839633708e+03
186   5.73061421595971114584e+03
187   5.75176401062101376738e+03
188   5.77331380528232602956e+03
189   5.79426359994363065198e+03
190   5.81561339460493582010e+03
191   5.83636318926623880543e+03
192   5.85751298392754961242e+03
193   5.87806277858885914611e+03
194   5.89901257325016376853e+03
195   5.91936236791146438918e+03
196   5.94011216257277555997e+03
197   5.96026195723407363403e+03
198   5.98081175189538953418e+03
199   6.00076154655669597560e+03
200   6.02111134121800387220e+03
201   6.04086113587930412905e+03
202   6.06101093054060947907e+03
203   6.08056072520190718933e+03
204   6.10051051986322272569e+03
205   6.11986031452452971280e+03
206   6.13961010918582178419e+03
207   6.15875990384712804371e+03
208   6.17830969850844394387e+03
209   6.19725949316974129033e+03
210   6.21660928783105555340e+03
211   6.23535908249235671974e+03
212   6.25450887715367025521e+03
213   6.27305867181496341800e+03
214   6.29200846647628168284e+03
215   6.31035826113757957501e+03
216   6.32910805579888437933e+03
217   6.34725785046019791480e+03
218   6.36580764512149744405e+03
219   6.38375743978280661395e+03
220   6.40210723444410450611e+03
221   6.41985702910541385791e+03
222   6.43800682376672193641e+03
223   6.45555661842802783212e+03
224   6.47350641308933973050e+03
225   6.49085620775064035115e+03
226   6.50860600241194970295e+03
227   6.52575579707325869094e+03
228   6.54330559173456185817e+03
229   6.56025538639586648060e+03
230   6.57760518105716528225e+03
231   6.59435497571847008658e+03
232   6.61150477037977361761e+03
233   6.62805456504109224625e+03
234   6.64500435970239595918e+03
235   6.66135415436369839881e+03
236   6.67810394902499865566e+03
237   6.69425374368631219113e+03
238   6.71080353834760990139e+03
239   6.72675333300892361876e+03
240   6.74310312767023151537e+03
241   6.75885292233152995323e+03
242   6.77500271699284439819e+03
243   6.79055251165414028947e+03
244   6.80650230631545309734e+03
245   6.82185210097674462304e+03
246   6.83760189563806397928e+03
247   6.85275169029936660081e+03
248   6.86830148496066703956e+03
249   6.88325127962198166642e+03
250   6.89860107428327683010e+03
251   6.91335086894458891038e+03
252   6.92850066360589153192e+03
253   6.94305045826719469915e+03
254   6.95800025292850841652e+03
255   6.97235004758981631312e+03
256   6.98709984225111929845e+03
257   7.00124963691242464847e+03
258   7.01579943157372144924e+03
259   7.02974922623502970964e+03
260   7.04409902089633760625e+03
261   7.05784881555765605299e+03
262   7.07199861021895503654e+03
263   7.08554840488025092782e+03
264   7.09949819954155191226e+03
265   7.11284799420286890381e+03
266   7.12659778886417552712e+03
267   7.13974758352547905815e+03
268   7.15329737818678586336e+03
269   7.16624717284808593831e+03
270   7.17959696750938928744e+03
271   7.19234676217070136772e+03
272   7.20549655683200035128e+03
273   7.21804635149330715649e+03
274   7.23099614615461632638e+03
275   7.24334594081592422299e+03
276   7.25609573547722447984e+03
277   7.26824553013853073935e+03
278   7.28079532479983572557e+03
279   7.29274511946114307648e+03
280   7.30509491412244733510e+03
281   7.31684470878374486347e+03
282   7.32899450344505930843e+03
283   7.34054429810636611364e+03
284   7.35249409276766982657e+03
285   7.36384388742896862823e+03
286   7.37559368209028434649e+03
287   7.38674347675158242055e+03
288   7.39829327141289013525e+03
289   7.40924306607420021464e+03
290   7.42059286073549810681e+03
291   7.43134265539680473012e+03
292   7.44249245005811371811e+03
293   7.45304224471941415686e+03
294   7.46399203938071968878e+03
295   7.47434183404203213286e+03
296   7.48509162870332693274e+03
297   7.49524142336464410619e+03
298   7.50579121802595363988e+03
299   7.51574101268724280089e+03
300   7.52609080734855433548e+03
301   7.53584060200986459677e+03
302   7.54599039667116630881e+03
303   7.55554019133246674755e+03
304   7.56548998599377773644e+03
305   7.57483978065508199506e+03
306   7.58458957531639498484e+03
307   7.59373936997769578738e+03
308   7.60328916463898622169e+03
309   7.61223895930030721502e+03
310   7.62158875396160328819e+03
311   7.63033854862291354948e+03
312   7.63948834328421526152e+03
313   7.64803813794552206673e+03
314   7.65698793260682850814e+03
315   7.66533772726813185727e+03
316   7.67408752192944029957e+03
317   7.68223731659074655909e+03
318   7.69078711125205245480e+03
319   7.69873690591335525824e+03
320   7.70708670057465133141e+03
321   7.71483649523596523068e+03
322   7.72298628989727421867e+03
323   7.73053608455858284287e+03
324   7.73848587921987655136e+03
325   7.74583567388118808594e+03
326   7.75358546854249379976e+03
327   7.76073526320379824028e+03
328   7.76828505786509958853e+03
329   7.77523485252641148691e+03
330   7.78258464718770937907e+03
331   7.78933444184902145935e+03
332   7.79648423651031953341e+03
333   7.80303403117162997660e+03
334   7.80998382583293278003e+03
335   7.81633362049424340512e+03
336   7.82308341515554093348e+03
337   7.82923320981685355946e+03
338   7.83578300447815763619e+03
339   7.84173279913945862063e+03
340   7.84808259380077106471e+03
341   7.85383238846207495953e+03
342   7.85998218312337758107e+03
343   7.86553197778468893375e+03
344   7.87148177244598537072e+03
345   7.87683156710728599137e+03
346   7.88258136176859534316e+03
347   7.88773115642989796470e+03
348   7.89328095109122023132e+03
349   7.89823074575251939677e+03
350   7.90358054041381910793e+03
351   7.90833033507512573124e+03
352   7.91348012973642562429e+03
353   7.91802992439773152000e+03
354   7.92297971905903432344e+03
355   7.92732951372034676751e+03
356   7.93207930838165248133e+03
357   7.93622910304295601236e+03
358   7.94077889770425372262e+03
359   7.94472869236555743555e+03
360   7.94907848702686624165e+03
361   7.95282828168817013648e+03
362   7.95697807634948185296e+03
363   7.96052787101077683474e+03
364   7.96447766567208691413e+03
365   7.96782746033339208225e+03
366   7.97157725499469961505e+03
367   7.97472704965600496507e+03
368   7.97827684431730722281e+03
369   7.98122663897861184523e+03
370   7.98457643363991792285e+03
371   7.98732622830122090818e+03
372   7.99047602296252989618e+03
373   7.99302581762383124442e+03
374   7.99597561228513677634e+03
375   7.99832540694644558243e+03
376   8.00107520160774311080e+03
377   8.00322499626905391779e+03
378   8.00577479093036072300e+03
379   8.00772458559166352643e+03
380   8.01007438025296505657e+03
381   8.01182417491426986089e+03
382   8.01397396957557612041e+03
383   8.01552376423687564966e+03
384   8.01747355889817754360e+03
385   8.01882335355948816868e+03
386   8.02057314822079024452e+03
387   8.02172294288209741353e+03
388   8.02327273754339967127e+03
389   8.02422253220471156965e+03
390   8.02557232686601400928e+03
391   8.02632212152731881361e+03
392   8.02747191618862143514e+03
393   8.02802171084992642136e+03
394   8.02897150551123650075e+03
395   8.02932130017254257837e+03
396   8.03007109483384556370e+03
397   8.03022088949515182321e+03
398   8.03077068415644134802e+03
399   8.03072047881775415590e+03
400   8.03107027347905932402e+03
401   8.03082006814036867581e+03
402   8.03096986280167129735e+03
403   8.03051965746297628357e+03
404   8.03046945212428818195e+03
405   8.02981924678558971209e+03
406   8.02956904144689633540e+03
407   8.02871883610819440946e+03
408   8.02826863076949939568e+03
409   8.02721842543080492760e+03
410   8.02656822009210554825e+03
411   8.02531801475340671459e+03
412   8.02446780941471661208e+03
413   8.02301760407602432679e+03
414   8.02196739873732713022e+03
415   8.02031719339863593632e+03
416   8.01906698805993801216e+03
417   8.01721678272123881470e+03
418   8.01576657738254198193e+03
419   8.01371637204384933284e+03
420   8.01206616670514449652e+03
421   8.00981596136646385276e+03
422   8.00796575602776010783e+03
423   8.00551555068905872758e+03
424   8.00346534535037153546e+03
425   8.00081514001167852257e+03
426   7.99856493467298878386e+03
427   7.99571472933428321994e+03
428   7.99326452399559275364e+03
429   7.99021431865688737162e+03
430   7.98756411331819617772e+03
431   7.98431390797950371052e+03
432   7.98146370264081087953e+03
433   7.97801349730211495626e+03
434   7.97496329196342139767e+03
435   7.97131308662471747084e+03
436   7.96806288128602682264e+03
437   7.96421267594733490114e+03
438   7.96076247060863715888e+03
439   7.95671226526993632433e+03
440   7.95306205993123967346e+03
441   7.94881185459254174930e+03
442   7.94496164925384982780e+03
443   7.94051144391515117604e+03
444   7.93646123857646125543e+03
445   7.93181103323777460901e+03
446   7.92756082789906758990e+03
447   7.92271062256037384941e+03
448   7.91826041722167974513e+03
449   7.91321021188298072957e+03
450   7.90856000654428680718e+03
451   7.90330980120558888302e+03
452   7.89845959586689605203e+03
453   7.89300939052820376673e+03
454   7.88795918518950929865e+03
455   7.88230897985081264778e+03
456   7.87705877451211108564e+03
457   7.87120856917341370718e+03
458   7.86575836383472324087e+03
459   7.85970815849601785885e+03
460   7.85405795315732939343e+03
461   7.84780774781863328826e+03
462   7.84195754247994136676e+03
463   7.83550733714123634854e+03
464   7.82945713180254824692e+03
465   7.82280692646384795808e+03
466   7.81655672112515730987e+03
467   7.80970651578646538837e+03
468   7.80325631044776037015e+03
469   7.79620610510906863055e+03
470   7.78955589977037288918e+03
471   7.78230569443167769350e+03
472   7.77545548909297212958e+03
473   7.76800528375429257721e+03
474   7.76095507841558355722e+03
475   7.75330487307689418230e+03
476   7.74605466773819534865e+03
477   7.73820446239949706069e+03
478   7.73075425706080113741e+03
479   7.72270405172210757883e+03
480   7.71505384638341547543e+03
481   7.70680364104471755127e+03
482   7.69895343570601835381e+03
483   7.69050323036732334003e+03
484   7.68245302502862250549e+03
485   7.67380281968994313502e+03
486   7.66555261435123429692e+03
487   7.65670240901254237542e+03
488   7.64825220367385099962e+03
489   7.63920199833515744103e+03
490   7.63055179299644714774e+03
491   7.62130158765775831853e+03
492   7.61245138231906366855e+03
493   7.60300117698036956426e+03
494   7.59395097164166600123e+03
495   7.58430076630297389784e+03
496   7.57505056096427415468e+03
497   7.56520035562558223319e+03
498   7.55575015028688994789e+03
499   7.54569994494819547981e+03
500   7.53604973960949610046e+03
501   7.52579953427080181427e+03
502   7.51594932893210352631e+03
503   7.50549912359341669799e+03
504   7.49544891825471495395e+03
505   7.48479871291601284611e+03
506   7.47454850757731310296e+03
507   7.46369830223862209095e+03
508   7.45324809689994162909e+03
509   7.44219789156123169960e+03
510   7.43154768622253868671e+03
511   7.42029748088384258153e+03
512   7.40944727554514429357e+03
513   7.39799707020644382283e+03
514   7.38694686486774753575e+03
515   7.37529665952905270387e+03
516   7.36404645419036023668e+03
517   7.35219624885166558670e+03
518   7.34074604351296784444e+03
519   7.32869583817427246686e+03
520   7.31704563283558218245e+03
521   7.30479542749688152981e+03
522   7.29294522215817414690e+03
523   7.28049501681947731413e+03
524   7.26844481148079285049e+03
525   7.25579460614209347114e+03
526   7.24354440080340282293e+03
527   7.23069419546470999194e+03
528   7.21824399012601406866e+03
529   7.20519378478731323412e+03
530   7.19254357944862113072e+03
531   7.17929337410991956858e+03
532   7.16644316877121764264e+03
533   7.15299296343252535735e+03
534   7.13994275809382997977e+03
535   7.12629255275514424284e+03
536   7.11304234741644268070e+03
537   7.09919214207774257375e+03
538   7.08574193673904301249e+03
539   7.07169173140035036340e+03
540   7.05804152606165462203e+03
541   7.04379132072296215483e+03
542   7.02994111538426750485e+03
543   7.01549091004556885309e+03
544   7.00144070470686983754e+03
545   6.98679049936817045818e+03
546   6.97254029402946798655e+03
547   6.95769008869077879353e+03
548   6.94323988335208468925e+03
549   6.92818967801338658319e+03
550   6.91353947267469447979e+03
551   6.89828926733599746512e+03
552   6.88343906199730645312e+03
553   6.86798885665860689187e+03
554   6.85293865131990696682e+03
555   6.83728844598122304888e+03
556   6.82203824064251239179e+03
557   6.80618803530382501776e+03
558   6.79073782996512909449e+03
559   6.77468762462643280742e+03
560   6.75903741928773342806e+03
561   6.74278721394903459441e+03
562   6.72693700861034631089e+03
563   6.71048680327163856418e+03
564   6.69443659793295864802e+03
565   6.67778639259425563068e+03
566   6.66153618725555043056e+03
567   6.64468598191685669008e+03
568   6.62823577657816167630e+03
569   6.61118557123947084619e+03
570   6.59453536590077237634e+03
571   6.57728516056207172369e+03
572   6.56043495522338071169e+03
573   6.54298474988469388336e+03
574   6.52593454454598213488e+03
575   6.50828433920729366946e+03
576   6.49103413386859392631e+03
577   6.47318392852990200481e+03
578   6.45573372319120244356e+03
579   6.43768351785250069952e+03
580   6.42003331251380768663e+03
581   6.40178310717510885297e+03
582   6.38393290183641693147e+03
583   6.36548269649772100820e+03
584   6.34743249115902290214e+03
585   6.32878228582032625127e+03
586   6.31053208048164015054e+03
587   6.29168187514292912965e+03
588   6.27323166980423320638e+03
589   6.25418146446553873830e+03
590   6.23553125912684299692e+03
591   6.21628105378814871074e+03
592   6.19743084844944678480e+03
593   6.17798064311075540900e+03
594   6.15893043777206185041e+03
595   6.13928023243336065207e+03
596   6.12003002709466272790e+03
597   6.10017982175596989691e+03
598   6.08072961641728124960e+03
599   6.06067941107857313909e+03
600   6.04102920573988012620e+03
601   6.02077900040118493052e+03
602   6.00092879506248482357e+03
603   5.98047858972378980980e+03
604   5.96042838438509897969e+03
605   5.93977817904639141489e+03
606   5.91952797370769258123e+03
607   5.89867776836899611226e+03
608   5.87822756303030473646e+03
609   5.85717735769160117343e+03
610   5.83652715235291361751e+03
611   5.81527694701421387435e+03
612   5.79442674167552286235e+03
613   5.77297653633680965868e+03
614   5.75192633099811882857e+03
615   5.73027612565942581568e+03
616   5.70902592032074153394e+03
617   5.68717571498202778457e+03
618   5.66572550964333913726e+03
619   5.64367530430463466473e+03
620   5.62202509896594528982e+03
621   5.59977489362725191313e+03
622   5.57792468828855089669e+03
623   5.55547448294985861139e+03
624   5.53342427761115504836e+03
625   5.51077407227244930255e+03
626   5.48852386693377502525e+03
627   5.46567366159507218981e+03
628   5.44322345625637990452e+03
629   5.42017325091767452250e+03
630   5.39752304557896604820e+03
631   5.37427284024027358100e+03
632   5.35142263490158893546e+03
633   5.32797242956287573179e+03
634   5.30492222422419490613e+03
635   5.28127201888549461728e+03
636   5.25802181354679123615e+03
637   5.23417160820809749566e+03
638   5.21072140286939611542e+03
639   5.18667119753069619037e+03
640   5.16302099219200863445e+03
641   5.13877078685330889130e+03
642   5.11492058151462242677e+03
643   5.09047037617590922309e+03
644   5.06642017083723931137e+03
645   5.04176996549852356111e+03
646   5.01751976015982199897e+03
647   4.99266955482112553000e+03
648   4.96821934948242233077e+03
649   4.94316914414372695319e+03
650   4.91851893880502939282e+03
651   4.89326873346633874462e+03
652   4.86841852812763772818e+03
653   4.84296832278894453339e+03
654   4.81791811745024551783e+03
655   4.79226791211154340999e+03
656   4.76701770677285549027e+03
657   4.74116750143415083585e+03
658   4.71571729609545127460e+03
659   4.68966709075675862550e+03
660   4.66401688541806106514e+03
661   4.63776668007936223148e+03
662   4.61191647474068031443e+03
663   4.58546626940196711075e+03
664   4.55941606406327446166e+03
665   4.53276585872456871584e+03
666   4.50651565338588079612e+03
667   4.47966544804717796069e+03
668   4.45321524270848658489e+03
669   4.42616503736979029782e+03
670   4.39951483203109364695e+03
671   4.37226462669239754177e+03
672   4.34541442135369652533e+03
673   4.31796421601499605458e+03
674   4.29091401067630067701e+03
675   4.26326380533760766411e+03
676   4.23601359999889882602e+03
677   4.20816339466021781845e+03
678   4.18071318932151098124e+03
679   4.15266298398281651316e+03
680   4.12501277864412713825e+03
681   4.09676257330542011914e+03
682   4.06891236796672183118e+03
683   4.04046216262802363417e+03
684   4.01241195728932780185e+03
685   3.98376175195062887724e+03
686   3.95551154661193459106e+03
687   3.92666134127323130087e+03
688   3.89821113593453992507e+03
689   3.86916093059583909053e+03
690   3.84051072525713971118e+03
691   3.81126051991844587974e+03
692   3.78241031457974713703e+03
693   3.75296010924105212325e+03
694   3.72390990390235037921e+03
695   3.69425969856365554733e+03
696   3.66500949322495807792e+03
697   3.63515928788625978996e+03
698   3.60570908254756341194e+03
699   3.57565887720886939860e+03
700   3.54600867187016956450e+03
701   3.51575846653146845711e+03
702   3.48590826119277562611e+03
703   3.45545805585407606486e+03
704   3.42540785051537568506e+03
705   3.39475764517668312692e+03
706   3.36450743983798292902e+03
707   3.33365723449928327682e+03
708   3.30320702916058371557e+03
709   3.27215682382189334021e+03
710   3.24150661848319259661e+03
711   3.21025641314449376296e+03
712   3.17940620780579547500e+03
713   3.14795600246709591374e+03
714   3.11690579712839598869e+03
715   3.08525559178970524954e+03
716   3.05400538645100596113e+03
717   3.02215518111230630893e+03
718   2.99070497577360720243e+03
719   2.95865477043491091536e+03
720   2.92700456509621290024e+03
721   2.89475435975751270234e+03
722   2.86290415441881941661e+03
723   2.83045394908011758162e+03
724   2.79840374374141765657e+03
725   2.76575353840272737216e+03
726   2.73350333306402671951e+03
727   2.70065312772532615782e+03
728   2.66820292238662568707e+03
729   2.63515271704793121899e+03
730   2.60250251170923547761e+03
731   2.56925230637053482496e+03
732   2.53640210103183608226e+03
733   2.50295189569313788525e+03
734   2.46990169035444432666e+03
735   2.43625148501574813054e+03
736   2.40300127967704565890e+03
737   2.36915107433835191841e+03
738   2.33570086899965053817e+03
739   2.30165066366095379635e+03
740   2.26800045832225532649e+03
741   2.23375025298355876657e+03
742   2.19990004764485820488e+03
743   2.16544984230615909837e+03
744   2.13139963696746099231e+03
745   2.09674943162876388669e+03
746   2.06249922629006368879e+03
747   2.02764902095136267235e+03
748   1.99319881561266674908e+03
749   1.95814861027397023463e+03
750   1.92349840493526949103e+03
751   1.88824819959657361323e+03
752   1.85339799425787555265e+03
753   1.81794778891917576402e+03
754   1.78289758358047652109e+03
755   1.74724737824178123446e+03
756   1.71199717290307967232e+03
757   1.67614696756437956537e+03
758   1.64069676222568386947e+03
759   1.60464655688698758240e+03
760   1.56899635154828570194e+03
761   1.53274614620958914202e+03
762   1.49689594087089221830e+03
763   1.46044573553219061068e+03
764   1.42439553019349409624e+03
765   1.38774532485479358002e+03
766   1.35149511951609838434e+03
767   1.31464491417739554890e+03
768   1.27819470883869598765e+03
769   1.24114450349999970058e+03
770   1.20449429816130009385e+03
771   1.16724409282259580323e+03
772   1.13039388748391093031e+03
773   1.09294368214518362947e+03
774   1.05589347680655919248e+03
775   1.01824327146766017904e+03
776   9.80993066129489193372e+02
777   9.43142860789410974576e+02
778   9.05692655454325517894e+02
779   8.67642450106164574208e+02
780   8.29992244792236760986e+02
781   7.91742039388687317114e+02
782   7.53891834219768497860e+02
783   7.15441628436579094341e+02
784   6.77391424261572865362e+02
785   6.38741215876286787534e+02
786   6.00491018513655262723e+02
787   5.61640792293340837205e+02
788   5.23190641623422038720e+02
789   4.84140293159996701888e+02
790   4.45490462526698081547e+02
791   4.06239276196525452178e+02
792   3.67391639126848076558e+02
793   3.27934709972555083368e+02
794   2.88902107811615735500e+02
795   2.49205816755232746118e+02
796   2.10076265391826325413e+02
797   1.69910183844934181252e+02
798   1.31286953155521530334e+02
799   8.90717000771563220951e+01
800   5.50896633081694631073e+01
