%%MatrixMarket vector coordinate real general
900
1   9.99999999999974131804e-01
2   1.00000000000007149836e+00
3   9.99999999999964250819e-01
4   9.99999999999980127008e-01
5   1.00000000000002997602e+00
6   1.00000000000003508305e+00
7   1.00000000000009148238e+00
8   1.00000000000022559732e+00
9   1.00000000000025202063e+00
10   1.00000000000024202862e+00
11   1.00000000000029309888e+00
12   1.00000000000029820590e+00
13   1.00000000000024624747e+00
14   1.00000000000026689762e+00
15   1.00000000000037481129e+00
16   1.00000000000044630966e+00
17   1.00000000000042632564e+00
18   1.00000000000037148062e+00
19   1.00000000000031308289e+00
20   1.00000000000021893598e+00
21   1.00000000000008504308e+00
22   9.99999999999953481655e-01
23   9.99999999999846123089e-01
24   9.99999999999748867552e-01
25   9.99999999999653388372e-01
26   9.99999999999619415547e-01
27   9.99999999999663380379e-01
28   9.99999999999707234188e-01
29   9.99999999999858002475e-01
30   1.00000000000003907985e+00
31   1.00000000000003175238e+00
32   9.99999999999995781153e-01
33   1.00000000000002375877e+00
34   9.99999999999942712492e-01
35   9.99999999999952482455e-01
36   1.00000000000011879386e+00
37   1.00000000000024757973e+00
38   1.00000000000038324899e+00
39   1.00000000000047828408e+00
40   1.00000000000055355720e+00
41   1.00000000000058530958e+00
42   1.00000000000051469939e+00
43   1.00000000000048938631e+00
44   1.00000000000062971850e+00
45   1.00000000000081290530e+00
46   1.00000000000088795638e+00
47   1.00000000000086952667e+00
48   1.00000000000080224716e+00
49   1.00000000000065902839e+00
50   1.00000000000042477133e+00
51   1.00000000000016542323e+00
52   9.99999999999931499239e-01
53   9.99999999999722888333e-01
54   9.99999999999519162408e-01
55   9.99999999999309774346e-01
56   9.99999999999228728065e-01
57   9.99999999999418687224e-01
58   9.99999999999609534562e-01
59   9.99999999999714450638e-01
60   9.99999999999869548795e-01
61   9.99999999999906519221e-01
62   9.99999999999834354725e-01
63   9.99999999999741762124e-01
64   9.99999999999721000954e-01
65   9.99999999999840571974e-01
66   9.99999999999990452082e-01
67   1.00000000000012168044e+00
68   1.00000000000037236880e+00
69   1.00000000000055910832e+00
70   1.00000000000061506356e+00
71   1.00000000000064970251e+00
72   1.00000000000068833828e+00
73   1.00000000000076694207e+00
74   1.00000000000091548991e+00
75   1.00000000000107891474e+00
76   1.00000000000117950094e+00
77   1.00000000000116484600e+00
78   1.00000000000101230135e+00
79   1.00000000000074407147e+00
80   1.00000000000042188475e+00
81   1.00000000000009103829e+00
82   9.99999999999762523295e-01
83   9.99999999999447442001e-01
84   9.99999999999191202527e-01
85   9.99999999998998467809e-01
86   9.99999999998923194688e-01
87   9.99999999999168664999e-01
88   9.99999999999322097821e-01
89   9.99999999999565680753e-01
90   9.99999999999785837979e-01
91   9.99999999999769850767e-01
92   9.99999999999621302926e-01
93   9.99999999999581001831e-01
94   9.99999999999607092072e-01
95   9.99999999999703903519e-01
96   9.99999999999886424185e-01
97   1.00000000000011057821e+00
98   1.00000000000038391512e+00
99   1.00000000000056021854e+00
100   1.00000000000068567374e+00
101   1.00000000000086131102e+00
102   1.00000000000102207132e+00
103   1.00000000000114530607e+00
104   1.00000000000126876287e+00
105   1.00000000000137023726e+00
106   1.00000000000139199763e+00
107   1.00000000000129118938e+00
108   1.00000000000105981890e+00
109   1.00000000000071875839e+00
110   1.00000000000030597747e+00
111   9.99999999999863331546e-01
112   9.99999999999454658450e-01
113   9.99999999999109934201e-01
114   9.99999999998854693928e-01
115   9.99999999998658628542e-01
116   9.99999999998638755550e-01
117   9.99999999998834820936e-01
118   9.99999999998945066082e-01
119   9.99999999999187760835e-01
120   9.99999999999570121645e-01
121   9.99999999999706234988e-01
122   9.99999999999507505066e-01
123   9.99999999999398259121e-01
124   9.99999999999375721593e-01
125   9.99999999999486521851e-01
126   9.99999999999692135155e-01
127   9.99999999999886313162e-01
128   1.00000000000018385293e+00
129   1.00000000000045963233e+00
130   1.00000000000071542772e+00
131   1.00000000000100430775e+00
132   1.00000000000125122135e+00
133   1.00000000000141153755e+00
134   1.00000000000150257584e+00
135   1.00000000000155386815e+00
136   1.00000000000156319402e+00
137   1.00000000000146527235e+00
138   1.00000000000117483800e+00
139   1.00000000000076494366e+00
140   1.00000000000031374903e+00
141   9.99999999999823141472e-01
142   9.99999999999329425293e-01
143   9.99999999998935185097e-01
144   9.99999999998725463968e-01
145   9.99999999998529509604e-01
146   9.99999999998360089570e-01
147   9.99999999998429922599e-01
148   9.99999999998525068712e-01
149   9.99999999998873789764e-01
150   9.99999999999395927652e-01
151   9.99999999999566124842e-01
152   9.99999999999260813510e-01
153   9.99999999999099609127e-01
154   9.99999999998985145133e-01
155   9.99999999998963828851e-01
156   9.99999999999130251283e-01
157   9.99999999999439559417e-01
158   9.99999999999817701379e-01
159   1.00000000000013233858e+00
160   1.00000000000045052850e+00
161   1.00000000000081912255e+00
162   1.00000000000116573418e+00
163   1.00000000000142130752e+00
164   1.00000000000155453428e+00
165   1.00000000000161781699e+00
166   1.00000000000167110770e+00
167   1.00000000000155853108e+00
168   1.00000000000130118138e+00
169   1.00000000000096855857e+00
170   1.00000000000048316906e+00
171   9.99999999999871103107e-01
172   9.99999999999223287972e-01
173   9.99999999998833377646e-01
174   9.99999999998570254789e-01
175   9.99999999998203326079e-01
176   9.99999999997905009153e-01
177   9.99999999997953414876e-01
178   9.99999999998082533814e-01
179   9.99999999998443911409e-01
180   9.99999999999185762434e-01
181   9.99999999999542588114e-01
182   9.99999999999085065205e-01
183   9.99999999998840705118e-01
184   9.99999999998626987185e-01
185   9.99999999998551269975e-01
186   9.99999999998782973520e-01
187   9.99999999999187205724e-01
188   9.99999999999532374062e-01
189   9.99999999999859667810e-01
190   1.00000000000024269475e+00
191   1.00000000000064392935e+00
192   1.00000000000104738440e+00
193   1.00000000000129674049e+00
194   1.00000000000148547841e+00
195   1.00000000000154742885e+00
196   1.00000000000150546242e+00
197   1.00000000000152433621e+00
198   1.00000000000166000547e+00
199   1.00000000000118038912e+00
200   1.00000000000033884007e+00
201   9.99999999999551580920e-01
202   9.99999999999072075596e-01
203   9.99999999998611222018e-01
204   9.99999999998153477065e-01
205   9.99999999997854494005e-01
206   9.99999999997560284903e-01
207   9.99999999997507216243e-01
208   9.99999999997608579605e-01
209   9.99999999998059663220e-01
210   9.99999999998907096455e-01
211   9.99999999999184541188e-01
212   9.99999999998679278690e-01
213   9.99999999998474886631e-01
214   9.99999999998414268454e-01
215   9.99999999998394950573e-01
216   9.99999999998665733969e-01
217   9.99999999998866684336e-01
218   9.99999999999277577878e-01
219   9.99999999999700572850e-01
220   1.00000000000006550316e+00
221   1.00000000000053401727e+00
222   1.00000000000042499337e+00
223   1.00000000000094146912e+00
224   1.00000000000140909506e+00
225   1.00000000000145972123e+00
226   1.00000000000166666680e+00
227   1.00000000000164579461e+00
228   1.00000000000132471811e+00
229   1.00000000000086552987e+00
230   1.00000000000067568173e+00
231   9.99999999999743982571e-01
232   9.99999999999065858347e-01
233   9.99999999998658295475e-01
234   9.99999999998382627098e-01
235   9.99999999998074762253e-01
236   9.99999999997529309681e-01
237   9.99999999997391642026e-01
238   9.99999999997549959829e-01
239   9.99999999997943089802e-01
240   9.99999999998743671625e-01
241   9.99999999999673816475e-01
242   9.99999999999130584349e-01
243   9.99999999998533617429e-01
244   9.99999999998232302900e-01
245   9.99999999998216981822e-01
246   9.99999999998580024752e-01
247   9.99999999998951949465e-01
248   9.99999999999393485162e-01
249   9.99999999999618305324e-01
250   9.99999999999830024855e-01
251   1.00000000000031752379e+00
252   1.00000000000072053474e+00
253   1.00000000000095967678e+00
254   1.00000000000091060492e+00
255   1.00000000000105804254e+00
256   1.00000000000128830280e+00
257   1.00000000000122035715e+00
258   1.00000000000102873265e+00
259   1.00000000000073474560e+00
260   1.00000000000027089442e+00
261   9.99999999999788391492e-01
262   9.99999999999323430089e-01
263   9.99999999998987920691e-01
264   9.99999999998731681217e-01
265   9.99999999998387401057e-01
266   9.99999999998040456362e-01
267   9.99999999997899680082e-01
268   9.99999999997973842980e-01
269   9.99999999998336885909e-01
270   9.99999999999096278458e-01
271   9.99999999999542255047e-01
272   9.99999999998999467010e-01
273   9.99999999998692046255e-01
274   9.99999999998484878638e-01
275   9.99999999998500421761e-01
276   9.99999999998621436070e-01
277   9.99999999998885114039e-01
278   9.99999999999263700090e-01
279   9.99999999999535926776e-01
280   9.99999999999831135078e-01
281   1.00000000000013833379e+00
282   1.00000000000041411319e+00
283   1.00000000000053801408e+00
284   1.00000000000065591976e+00
285   1.00000000000081268325e+00
286   1.00000000000086153307e+00
287   1.00000000000085864649e+00
288   1.00000000000071742612e+00
289   1.00000000000043587356e+00
290   1.00000000000010813572e+00
291   9.99999999999793942607e-01
292   9.99999999999522382055e-01
293   9.99999999999281796725e-01
294   9.99999999999015454222e-01
295   9.99999999998674060642e-01
296   9.99999999998370414644e-01
297   9.99999999998333000129e-01
298   9.99999999998343214180e-01
299   9.99999999998649413691e-01
300   9.99999999999241384607e-01
301   9.99999999999486410829e-01
302   9.99999999999076738533e-01
303   9.99999999998766098130e-01
304   9.99999999998599786721e-01
305   9.99999999998624322650e-01
306   9.99999999998766431197e-01
307   9.99999999998911426324e-01
308   9.99999999999221622637e-01
309   9.99999999999594102462e-01
310   9.99999999999874322754e-01
311   1.00000000000007638334e+00
312   1.00000000000022293278e+00
313   1.00000000000038657966e+00
314   1.00000000000056243898e+00
315   1.00000000000064903638e+00
316   1.00000000000064881434e+00
317   1.00000000000057465144e+00
318   1.00000000000043609560e+00
319   1.00000000000024802382e+00
320   1.00000000000004241052e+00
321   9.99999999999834354725e-01
322   9.99999999999642619208e-01
323   9.99999999999449218357e-01
324   9.99999999999220401392e-01
325   9.99999999998909205878e-01
326   9.99999999998649413691e-01
327   9.99999999998671063040e-01
328   9.99999999998698929637e-01
329   9.99999999998964161918e-01
330   9.99999999999426236741e-01
331   9.99999999999495403635e-01
332   9.99999999999121813588e-01
333   9.99999999998878896790e-01
334   9.99999999998731126105e-01
335   9.99999999998683719582e-01
336   9.99999999998769428800e-01
337   9.99999999998972488591e-01
338   9.99999999999350741575e-01
339   9.99999999999654054506e-01
340   9.99999999999828914632e-01
341   9.99999999999998112621e-01
342   1.00000000000019606539e+00
343   1.00000000000039301895e+00
344   1.00000000000053046456e+00
345   1.00000000000058064664e+00
346   1.00000000000057709393e+00
347   1.00000000000052935434e+00
348   1.00000000000041677772e+00
349   1.00000000000027000624e+00
350   1.00000000000012678747e+00
351   9.99999999999989230837e-01
352   9.99999999999849231713e-01
353   9.99999999999681699059e-01
354   9.99999999999473310197e-01
355   9.99999999999188982081e-01
356   9.99999999999015676266e-01
357   9.99999999999089173031e-01
358   9.99999999999127364703e-01
359   9.99999999999315325461e-01
360   9.99999999999638067294e-01
361   9.99999999999556021812e-01
362   9.99999999999181543586e-01
363   9.99999999998900879206e-01
364   9.99999999998681943225e-01
365   9.99999999998617439267e-01
366   9.99999999998776867294e-01
367   9.99999999999062527678e-01
368   9.99999999999372501946e-01
369   9.99999999999557798169e-01
370   9.99999999999691691066e-01
371   9.99999999999879318757e-01
372   1.00000000000010058621e+00
373   1.00000000000029110048e+00
374   1.00000000000038347103e+00
375   1.00000000000044431125e+00
376   1.00000000000050270899e+00
377   1.00000000000049871218e+00
378   1.00000000000038835601e+00
379   1.00000000000028865799e+00
380   1.00000000000029198866e+00
381   1.00000000000026756375e+00
382   1.00000000000012367884e+00
383   9.99999999999925504035e-01
384   9.99999999999796940209e-01
385   9.99999999999639399562e-01
386   9.99999999999498179193e-01
387   9.99999999999569011422e-01
388   9.99999999999581778987e-01
389   9.99999999999719446642e-01
390   9.99999999999874544798e-01
391   9.99999999999675037721e-01
392   9.99999999999183541988e-01
393   9.99999999998901545339e-01
394   9.99999999998685051850e-01
395   9.99999999998611555085e-01
396   9.99999999998817279412e-01
397   9.99999999999137911821e-01
398   9.99999999999333644141e-01
399   9.99999999999458322186e-01
400   9.99999999999597544154e-01
401   9.99999999999764854763e-01
402   9.99999999999968802733e-01
403   1.00000000000005684342e+00
404   1.00000000000012145840e+00
405   1.00000000000014921397e+00
406   1.00000000000021138646e+00
407   1.00000000000023603342e+00
408   1.00000000000025246472e+00
409   1.00000000000039435122e+00
410   1.00000000000047362114e+00
411   1.00000000000043298698e+00
412   1.00000000000033684167e+00
413   1.00000000000032862602e+00
414   1.00000000000029221070e+00
415   1.00000000000010325074e+00
416   9.99999999999966249220e-01
417   1.00000000000009103829e+00
418   1.00000000000009703349e+00
419   1.00000000000004463097e+00
420   1.00000000000009214851e+00
421   9.99999999999778510507e-01
422   9.99999999999563682351e-01
423   9.99999999999229394199e-01
424   9.99999999998781308186e-01
425   9.99999999998569810700e-01
426   9.99999999998979260951e-01
427   9.99999999999266475648e-01
428   9.99999999999425126518e-01
429   9.99999999999577782184e-01
430   9.99999999999734545675e-01
431   9.99999999999880095913e-01
432   9.99999999999773181436e-01
433   1.00000000000002664535e+00
434   9.99999999999895750058e-01
435   9.99999999999817035246e-01
436   9.99999999999792055227e-01
437   9.99999999999897415393e-01
438   1.00000000000050692783e+00
439   1.00000000000072830630e+00
440   1.00000000000061350924e+00
441   1.00000000000039790393e+00
442   1.00000000000065636385e+00
443   1.00000000000089994678e+00
444   1.00000000000086997076e+00
445   1.00000000000068256512e+00
446   1.00000000000039657166e+00
447   1.00000000000044453330e+00
448   1.00000000000044386717e+00
449   1.00000000000027955416e+00
450   1.00000000000009481305e+00
451   9.99999999999486743896e-01
452   9.99999999999307442877e-01
453   9.99999999999340971613e-01
454   9.99999999999418354157e-01
455   9.99999999999387600980e-01
456   9.99999999999525379657e-01
457   9.99999999999562905195e-01
458   9.99999999999712008147e-01
459   9.99999999999696020936e-01
460   9.99999999999598210287e-01
461   9.99999999999860555988e-01
462   9.99999999999887645430e-01
463   9.99999999999890087921e-01
464   9.99999999999454880495e-01
465   9.99999999999458211164e-01
466   9.99999999999801936212e-01
467   1.00000000000004041212e+00
468   1.00000000000023736568e+00
469   1.00000000000015876189e+00
470   1.00000000000047606363e+00
471   1.00000000000069699801e+00
472   1.00000000000072875039e+00
473   1.00000000000063682393e+00
474   1.00000000000080158102e+00
475   1.00000000000104050102e+00
476   1.00000000000091482377e+00
477   1.00000000000093791641e+00
478   1.00000000000092881258e+00
479   1.00000000000068389738e+00
480   1.00000000000029998226e+00
481   9.99999999999956035168e-01
482   9.99999999999800937012e-01
483   9.99999999999780064819e-01
484   9.99999999999739319634e-01
485   9.99999999999793276473e-01
486   9.99999999999821809205e-01
487   9.99999999999888311564e-01
488   1.00000000000002509104e+00
489   1.00000000000001998401e+00
490   9.99999999999998889777e-01
491   9.99999999999995892175e-01
492   9.99999999999950262008e-01
493   9.99999999999755861957e-01
494   9.99999999999700683873e-01
495   9.99999999999797273276e-01
496   9.99999999999940047957e-01
497   1.00000000000011457502e+00
498   1.00000000000022115643e+00
499   1.00000000000031619152e+00
500   1.00000000000040656367e+00
501   1.00000000000059330318e+00
502   1.00000000000078559381e+00
503   1.00000000000095390362e+00
504   1.00000000000107069908e+00
505   1.00000000000103028697e+00
506   1.00000000000091260333e+00
507   1.00000000000083422158e+00
508   1.00000000000068456352e+00
509   1.00000000000046540549e+00
510   1.00000000000028599345e+00
511   1.00000000000005218048e+00
512   1.00000000000013611334e+00
513   1.00000000000016675550e+00
514   1.00000000000018363089e+00
515   1.00000000000024891200e+00
516   1.00000000000031996628e+00
517   1.00000000000028377301e+00
518   1.00000000000030886405e+00
519   1.00000000000031241676e+00
520   1.00000000000020028423e+00
521   1.00000000000003330669e+00
522   9.99999999999849120691e-01
523   9.99999999999768296455e-01
524   9.99999999999791500116e-01
525   9.99999999999827804409e-01
526   9.99999999999862554390e-01
527   9.99999999999931832306e-01
528   1.00000000000003708145e+00
529   1.00000000000013833379e+00
530   1.00000000000029309888e+00
531   1.00000000000053446136e+00
532   1.00000000000082978069e+00
533   1.00000000000108935083e+00
534   1.00000000000120836674e+00
535   1.00000000000114086518e+00
536   1.00000000000100408570e+00
537   1.00000000000098165920e+00
538   1.00000000000077382545e+00
539   1.00000000000054845017e+00
540   1.00000000000029842795e+00
541   1.00000000000012256862e+00
542   1.00000000000030264680e+00
543   1.00000000000051336713e+00
544   1.00000000000067412742e+00
545   1.00000000000076272322e+00
546   1.00000000000076960660e+00
547   1.00000000000072652995e+00
548   1.00000000000071254114e+00
549   1.00000000000054822813e+00
550   1.00000000000024336089e+00
551   9.99999999999967359443e-01
552   9.99999999999772404280e-01
553   9.99999999999641397963e-01
554   9.99999999999551136831e-01
555   9.99999999999490074565e-01
556   9.99999999999485522650e-01
557   9.99999999999547473095e-01
558   9.99999999999650279747e-01
559   9.99999999999810040840e-01
560   1.00000000000008015810e+00
561   1.00000000000045075055e+00
562   1.00000000000084310336e+00
563   1.00000000000114774856e+00
564   1.00000000000130406796e+00
565   1.00000000000129807276e+00
566   1.00000000000125188748e+00
567   1.00000000000128008715e+00
568   1.00000000000102207132e+00
569   1.00000000000071098682e+00
570   1.00000000000036548542e+00
571   1.00000000000019562130e+00
572   1.00000000000047606363e+00
573   1.00000000000077471363e+00
574   1.00000000000101851860e+00
575   1.00000000000119992905e+00
576   1.00000000000130562228e+00
577   1.00000000000125210953e+00
578   1.00000000000113042908e+00
579   1.00000000000081445961e+00
580   1.00000000000037148062e+00
581   9.99999999999975575093e-01
582   9.99999999999646949078e-01
583   9.99999999999370614567e-01
584   9.99999999999147903829e-01
585   9.99999999999004240969e-01
586   9.99999999998965050096e-01
587   9.99999999999002686657e-01
588   9.99999999999078403867e-01
589   9.99999999999309552301e-01
590   9.99999999999752420266e-01
591   1.00000000000026800784e+00
592   1.00000000000070676798e+00
593   1.00000000000105027098e+00
594   1.00000000000137689860e+00
595   1.00000000000153321800e+00
596   1.00000000000151922919e+00
597   1.00000000000147681867e+00
598   1.00000000000116262555e+00
599   1.00000000000081534779e+00
600   1.00000000000042854609e+00
601   1.00000000000019451107e+00
602   1.00000000000050093263e+00
603   1.00000000000089306340e+00
604   1.00000000000124522614e+00
605   1.00000000000153721480e+00
606   1.00000000000176059167e+00
607   1.00000000000180566673e+00
608   1.00000000000162603264e+00
609   1.00000000000117017507e+00
610   1.00000000000060573768e+00
611   1.00000000000009436896e+00
612   9.99999999999653277349e-01
613   9.99999999999255817507e-01
614   9.99999999998865463091e-01
615   9.99999999998550936908e-01
616   9.99999999998409938584e-01
617   9.99999999998360089570e-01
618   9.99999999998458899420e-01
619   9.99999999998824495862e-01
620   9.99999999999337418899e-01
621   9.99999999999902078329e-01
622   1.00000000000040589754e+00
623   1.00000000000097832853e+00
624   1.00000000000144595447e+00
625   1.00000000000160316205e+00
626   1.00000000000159983138e+00
627   1.00000000000161204383e+00
628   1.00000000000130695454e+00
629   1.00000000000086020080e+00
630   1.00000000000049782400e+00
631   1.00000000000015210055e+00
632   1.00000000000033417713e+00
633   1.00000000000080979667e+00
634   1.00000000000128608235e+00
635   1.00000000000168376424e+00
636   1.00000000000203059791e+00
637   1.00000000000214939178e+00
638   1.00000000000185962357e+00
639   1.00000000000131672451e+00
640   1.00000000000073763218e+00
641   1.00000000000018984814e+00
642   9.99999999999700794895e-01
643   9.99999999999131805595e-01
644   9.99999999998601118989e-01
645   9.99999999998132382828e-01
646   9.99999999997736033208e-01
647   9.99999999997708166610e-01
648   9.99999999998074651231e-01
649   9.99999999998303912285e-01
650   9.99999999998621325048e-01
651   9.99999999999341526724e-01
652   1.00000000000032240877e+00
653   1.00000000000093347552e+00
654   1.00000000000123456800e+00
655   1.00000000000156408220e+00
656   1.00000000000172128978e+00
657   1.00000000000168798309e+00
658   1.00000000000133426603e+00
659   1.00000000000093747232e+00
660   1.00000000000053002047e+00
661   9.99999999999734767719e-01
662   9.99999999999962474462e-01
663   1.00000000000058664185e+00
664   1.00000000000122790667e+00
665   1.00000000000168620673e+00
666   1.00000000000213518092e+00
667   1.00000000000204503081e+00
668   1.00000000000168931535e+00
669   1.00000000000112598819e+00
670   1.00000000000058619776e+00
671   1.00000000000024447111e+00
672   9.99999999999280020369e-01
673   9.99999999998880340080e-01
674   9.99999999998443578342e-01
675   9.99999999997759458914e-01
676   9.99999999997834398968e-01
677   9.99999999997796429341e-01
678   9.99999999997772004434e-01
679   9.99999999997970068222e-01
680   9.99999999998940070078e-01
681   9.99999999999451216759e-01
682   1.00000000000014299673e+00
683   1.00000000000077249318e+00
684   1.00000000000121858079e+00
685   1.00000000000154010138e+00
686   1.00000000000144972923e+00
687   1.00000000000135624845e+00
688   1.00000000000109623421e+00
689   1.00000000000070832229e+00
690   1.00000000000031308289e+00
691   1.00000000000026734170e+00
692   1.00000000000047806203e+00
693   1.00000000000068411943e+00
694   1.00000000000102806652e+00
695   1.00000000000143596246e+00
696   1.00000000000194799732e+00
697   1.00000000000204680717e+00
698   1.00000000000176614279e+00
699   1.00000000000108468790e+00
700   1.00000000000045097259e+00
701   1.00000000000018074431e+00
702   9.99999999999800381900e-01
703   9.99999999999159561170e-01
704   9.99999999998263389145e-01
705   9.99999999997803090679e-01
706   9.99999999997721822353e-01
707   9.99999999997711164212e-01
708   9.99999999997909894134e-01
709   9.99999999998418598324e-01
710   9.99999999998995914297e-01
711   9.99999999999572120046e-01
712   1.00000000000005306866e+00
713   1.00000000000054289906e+00
714   1.00000000000100519593e+00
715   1.00000000000121813670e+00
716   1.00000000000118638432e+00
717   1.00000000000107225340e+00
718   1.00000000000087019281e+00
719   1.00000000000060018657e+00
720   1.00000000000035949022e+00
721   1.00000000000033884007e+00
722   1.00000000000058153482e+00
723   1.00000000000093258734e+00
724   1.00000000000119237953e+00
725   1.00000000000146926915e+00
726   1.00000000000161937130e+00
727   1.00000000000162669878e+00
728   1.00000000000145927714e+00
729   1.00000000000100097708e+00
730   1.00000000000052824412e+00
731   1.00000000000011057821e+00
732   9.99999999999710231791e-01
733   9.99999999999180100296e-01
734   9.99999999998674171664e-01
735   9.99999999998286814851e-01
736   9.99999999998000599355e-01
737   9.99999999998033128890e-01
738   9.99999999998358091169e-01
739   9.99999999998837041382e-01
740   9.99999999999341304679e-01
741   9.99999999999789612737e-01
742   1.00000000000021227464e+00
743   1.00000000000062594374e+00
744   1.00000000000094702024e+00
745   1.00000000000107824860e+00
746   1.00000000000109090514e+00
747   1.00000000000114042109e+00
748   1.00000000000089639407e+00
749   1.00000000000056443739e+00
750   1.00000000000024558133e+00
751   1.00000000000033462122e+00
752   1.00000000000068633987e+00
753   1.00000000000092503782e+00
754   1.00000000000110689236e+00
755   1.00000000000130961908e+00
756   1.00000000000145972123e+00
757   1.00000000000137401202e+00
758   1.00000000000119015908e+00
759   1.00000000000090194519e+00
760   1.00000000000053779203e+00
761   1.00000000000020006219e+00
762   9.99999999999835020859e-01
763   9.99999999999422350960e-01
764   9.99999999998996913497e-01
765   9.99999999998595012762e-01
766   9.99999999998353761299e-01
767   9.99999999998352429031e-01
768   9.99999999998594124584e-01
769   9.99999999999006794482e-01
770   9.99999999999471089751e-01
771   9.99999999999885313962e-01
772   1.00000000000023292479e+00
773   1.00000000000053557159e+00
774   1.00000000000080513374e+00
775   1.00000000000097011288e+00
776   1.00000000000102851061e+00
777   1.00000000000104050102e+00
778   1.00000000000070254913e+00
779   1.00000000000037569947e+00
780   1.00000000000014988011e+00
781   1.00000000000026245672e+00
782   1.00000000000052802207e+00
783   1.00000000000077648998e+00
784   1.00000000000099653619e+00
785   1.00000000000117794663e+00
786   1.00000000000126587629e+00
787   1.00000000000122635235e+00
788   1.00000000000115218945e+00
789   1.00000000000092970076e+00
790   1.00000000000062971850e+00
791   1.00000000000038258285e+00
792   1.00000000000010191847e+00
793   9.99999999999729327627e-01
794   9.99999999999341748769e-01
795   9.99999999999042321619e-01
796   9.99999999998854582905e-01
797   9.99999999998797850509e-01
798   9.99999999998936184298e-01
799   9.99999999999298672115e-01
800   9.99999999999755417868e-01
801   1.00000000000012723156e+00
802   1.00000000000041433523e+00
803   1.00000000000071631590e+00
804   1.00000000000102429176e+00
805   1.00000000000112465592e+00
806   1.00000000000104183329e+00
807   1.00000000000094813046e+00
808   1.00000000000065147887e+00
809   1.00000000000038657966e+00
810   1.00000000000018296475e+00
811   1.00000000000010103030e+00
812   1.00000000000026156854e+00
813   1.00000000000042899018e+00
814   1.00000000000057154281e+00
815   1.00000000000070965456e+00
816   1.00000000000079003470e+00
817   1.00000000000076072482e+00
818   1.00000000000076894047e+00
819   1.00000000000066457950e+00
820   1.00000000000047029047e+00
821   1.00000000000028377301e+00
822   1.00000000000006505907e+00
823   9.99999999999812372309e-01
824   9.99999999999577782184e-01
825   9.99999999999386712801e-01
826   9.99999999999250377414e-01
827   9.99999999999210853474e-01
828   9.99999999999348299085e-01
829   9.99999999999670152739e-01
830   1.00000000000005240253e+00
831   1.00000000000037503334e+00
832   1.00000000000066946448e+00
833   1.00000000000097077901e+00
834   1.00000000000117150734e+00
835   1.00000000000111644027e+00
836   1.00000000000094479979e+00
837   1.00000000000083999474e+00
838   1.00000000000055178084e+00
839   1.00000000000034150460e+00
840   1.00000000000019584334e+00
841   9.99999999999996114219e-01
842   1.00000000000005617729e+00
843   1.00000000000019206858e+00
844   1.00000000000025979219e+00
845   1.00000000000029087843e+00
846   1.00000000000034239278e+00
847   1.00000000000045519144e+00
848   1.00000000000055910832e+00
849   1.00000000000050737192e+00
850   1.00000000000035837999e+00
851   1.00000000000021915803e+00
852   1.00000000000008215650e+00
853   9.99999999999897748459e-01
854   9.99999999999685362795e-01
855   9.99999999999549249452e-01
856   9.99999999999545141627e-01
857   9.99999999999598321310e-01
858   9.99999999999661826067e-01
859   9.99999999999826361119e-01
860   1.00000000000011524115e+00
861   1.00000000000040878412e+00
862   1.00000000000061506356e+00
863   1.00000000000076472162e+00
864   1.00000000000088862251e+00
865   1.00000000000082667206e+00
866   1.00000000000062083672e+00
867   1.00000000000052824412e+00
868   1.00000000000038324899e+00
869   1.00000000000032063241e+00
870   1.00000000000019917401e+00
871   1.00000000000006261658e+00
872   1.00000000000001909584e+00
873   1.00000000000011257661e+00
874   1.00000000000015143442e+00
875   1.00000000000012390089e+00
876   1.00000000000024824587e+00
877   1.00000000000042055248e+00
878   1.00000000000046362914e+00
879   1.00000000000039013237e+00
880   1.00000000000030286884e+00
881   1.00000000000023958613e+00
882   1.00000000000012856383e+00
883   9.99999999999929722883e-01
884   9.99999999999763633518e-01
885   9.99999999999767408276e-01
886   9.99999999999849120691e-01
887   9.99999999999831690189e-01
888   9.99999999999773292458e-01
889   9.99999999999872213330e-01
890   1.00000000000006838974e+00
891   1.00000000000016520119e+00
892   1.00000000000022315483e+00
893   1.00000000000036504133e+00
894   1.00000000000047228887e+00
895   1.00000000000034883207e+00
896   1.00000000000018807178e+00
897   1.00000000000028976821e+00
898   1.00000000000024735769e+00
899   1.00000000000016586732e+00
900   1.00000000000016942003e+00
