%%MatrixMarket vector coordinate real general
1473
1   1.00000000000069610984e+00
2   9.99999999999827582364e-01
3   9.99999999999999000799e-01
4   9.99999999999996558309e-01
5   9.99999999999996336264e-01
6   9.99999999999998112621e-01
7   9.99999999999998778755e-01
8   9.99999999999998112621e-01
9   9.99999999999998556710e-01
10   9.99999999999592992239e-01
11   1.00000000000013611334e+00
12   9.99999999999998556710e-01
13   9.99999999999945710094e-01
14   1.00000000000002486900e+00
15   9.99999999999998556710e-01
16   1.00000000000007394085e+00
17   9.99999999999960809127e-01
18   9.99999999999999222844e-01
19   1.00000000000009992007e+00
20   9.99999999999924615857e-01
21   9.99999999999998778755e-01
22   1.00000000000000466294e+00
23   9.99999999999986455279e-01
24   9.99999999999998334665e-01
25   9.99999999999999444888e-01
26   9.99999999999998778755e-01
27   9.99999999999999444888e-01
28   9.99999999999996336264e-01
29   9.99999999999994115818e-01
30   9.99999999999999000799e-01
31   9.99999999999978683718e-01
32   9.99999999999983790744e-01
33   9.99999999999999000799e-01
34   9.99999999999980904164e-01
35   9.99999999999989674926e-01
36   9.99999999999999222844e-01
37   1.00000000000000088818e+00
38   1.00000000000000111022e+00
39   9.99999999999998556710e-01
40   1.00000000000015609736e+00
41   1.00000000000005173639e+00
42   9.99999999999998445688e-01
43   9.99999999999999222844e-01
44   9.99999999999999444888e-01
45   9.99999999999998334665e-01
46   9.99999999999998334665e-01
47   9.99999999999998112621e-01
48   9.99999999999998556710e-01
49   1.00000000000011612933e+00
50   1.00000000000002731149e+00
51   9.99999999999998556710e-01
52   9.99999999999068078793e-01
53   1.00000000000022670754e+00
54   9.99999999999998112621e-01
55   9.99999999999999222844e-01
56   1.00000000000000244249e+00
57   9.99999999999998334665e-01
58   9.99999999999998778755e-01
59   9.99999999999997890576e-01
60   9.99999999999998334665e-01
61   1.00000000000082689411e+00
62   9.99999999999717892329e-01
63   9.99999999999998889777e-01
64   9.99999999999933497641e-01
65   1.00000000000001820766e+00
66   9.99999999999999111822e-01
67   9.99999999999871103107e-01
68   1.00000000000006972201e+00
69   9.99999999999998667732e-01
70   9.99999999999961142194e-01
71   1.00000000000002797762e+00
72   9.99999999999999777955e-01
73   9.99999999999992006394e-01
74   1.00000000000000999201e+00
75   9.99999999999999333866e-01
76   1.00000000000000044409e+00
77   9.99999999999999777955e-01
78   9.99999999999998223643e-01
79   9.99999999999998889777e-01
80   9.99999999999998889777e-01
81   9.99999999999999555911e-01
82   1.00000000000000710543e+00
83   1.00000000000000555112e+00
84   9.99999999999999333866e-01
85   1.00000000000001421085e+00
86   1.00000000000000666134e+00
87   9.99999999999998889777e-01
88   9.99999999999936051154e-01
89   9.99999999999971356246e-01
90   9.99999999999998778755e-01
91   9.99999999999821587160e-01
92   9.99999999999940381024e-01
93   1.00000000000000088818e+00
94   9.99999999999996114219e-01
95   9.99999999999998334665e-01
96   9.99999999999998556710e-01
97   9.99999999999997890576e-01
98   9.99999999999998334665e-01
99   9.99999999999998334665e-01
100   1.00000000000004285461e+00
101   1.00000000000000888178e+00
102   9.99999999999998112621e-01
103   1.00000000000025623947e+00
104   9.99999999999935496042e-01
105   9.99999999999998778755e-01
106   9.99999999999998334665e-01
107   9.99999999999998334665e-01
108   9.99999999999998556710e-01
109   9.99999999999998556710e-01
110   9.99999999999998334665e-01
111   9.99999999999998556710e-01
112   1.00000000000007838175e+00
113   9.99999999999971134201e-01
114   9.99999999999999222844e-01
115   9.99999999999911848292e-01
116   1.00000000000003441691e+00
117   9.99999999999999666933e-01
118   1.00000000000002109424e+00
119   9.99999999999989563904e-01
120   9.99999999999997779554e-01
121   1.00000000000005218048e+00
122   9.99999999999959587882e-01
123   9.99999999999998445688e-01
124   1.00000000000000222045e+00
125   9.99999999999993782751e-01
126   9.99999999999999333866e-01
127   9.99999999999998001599e-01
128   9.99999999999999777955e-01
129   9.99999999999998445688e-01
130   9.99999999999999555911e-01
131   9.99999999999999111822e-01
132   9.99999999999999777955e-01
133   9.99999999999996225242e-01
134   9.99999999999996225242e-01
135   9.99999999999999000799e-01
136   9.99999999999995337063e-01
137   9.99999999999997113420e-01
138   9.99999999999999666933e-01
139   1.00000000000010524914e+00
140   1.00000000000004463097e+00
141   9.99999999999999222844e-01
142   1.00000000000022426505e+00
143   1.00000000000007349676e+00
144   9.99999999999990563104e-01
145   9.99999999999996114219e-01
146   9.99999999999997668532e-01
147   9.99999999999998556710e-01
148   9.99999999999997890576e-01
149   9.99999999999998112621e-01
150   9.99999999999998556710e-01
151   1.00000000000016231461e+00
152   1.00000000000003930190e+00
153   9.99999999999998556710e-01
154   9.99999999999772293258e-01
155   1.00000000000005351275e+00
156   9.99999999999998556710e-01
157   9.99999999999998556710e-01
158   9.99999999999999222844e-01
159   9.99999999999999222844e-01
160   9.99999999999998778755e-01
161   9.99999999999997890576e-01
162   9.99999999999998334665e-01
163   9.99999999999827249297e-01
164   1.00000000000005639933e+00
165   9.99999999999998778755e-01
166   9.99999999999933608663e-01
167   1.00000000000002442491e+00
168   9.99999999999998112621e-01
169   9.99999999999905631043e-01
170   1.00000000000005018208e+00
171   9.99999999999999555911e-01
172   1.00000000000004019007e+00
173   9.99999999999970801134e-01
174   9.99999999999999333866e-01
175   1.00000000000000066613e+00
176   9.99999999999992228439e-01
177   9.99999999999998889777e-01
178   9.99999999999998889777e-01
179   9.99999999999999555911e-01
180   9.99999999999998889777e-01
181   1.00000000000000044409e+00
182   1.00000000000000000000e+00
183   9.99999999999998667732e-01
184   9.99999999999989119814e-01
185   9.99999999999991118216e-01
186   1.00000000000000000000e+00
187   9.99999999999966804332e-01
188   9.99999999999980460075e-01
189   9.99999999999997779554e-01
190   9.99999999999831357123e-01
191   9.99999999999926725280e-01
192   1.00000000000000022204e+00
193   9.99999999999453548227e-01
194   9.99999999999818367513e-01
195   1.00000000000003086420e+00
196   9.99999999999996780353e-01
197   1.00000000000000022204e+00
198   9.99999999999998556710e-01
199   9.99999999999997890576e-01
200   9.99999999999997668532e-01
201   9.99999999999998334665e-01
202   1.00000000000052979843e+00
203   1.00000000000012856383e+00
204   9.99999999999998334665e-01
205   9.99999999999232169756e-01
206   1.00000000000018696156e+00
207   9.99999999999998112621e-01
208   9.99999999999999444888e-01
209   1.00000000000000111022e+00
210   9.99999999999998778755e-01
211   9.99999999999998334665e-01
212   9.99999999999998112621e-01
213   9.99999999999998334665e-01
214   1.00000000000064881434e+00
215   9.99999999999778399484e-01
216   9.99999999999998001599e-01
217   9.99999999999986455279e-01
218   9.99999999999997779554e-01
219   9.99999999999999444888e-01
220   1.00000000000002575717e+00
221   9.99999999999988453681e-01
222   9.99999999999997668532e-01
223   1.00000000000012101431e+00
224   9.99999999999909516823e-01
225   9.99999999999998889777e-01
226   1.00000000000000466294e+00
227   9.99999999999984789945e-01
228   9.99999999999999111822e-01
229   9.99999999999998889777e-01
230   9.99999999999998889777e-01
231   9.99999999999998223643e-01
232   9.99999999999996447286e-01
233   9.99999999999995337063e-01
234   9.99999999999998778755e-01
235   1.00000000000000111022e+00
236   1.00000000000000044409e+00
237   9.99999999999997446487e-01
238   9.99999999999967248421e-01
239   9.99999999999980793142e-01
240   9.99999999999998778755e-01
241   9.99999999999929944927e-01
242   9.99999999999970579090e-01
243   9.99999999999994670929e-01
244   1.00000000000032152059e+00
245   1.00000000000010125234e+00
246   9.99999999999879651824e-01
247   9.99999999999999444888e-01
248   9.99999999999997890576e-01
249   9.99999999999999000799e-01
250   9.99999999999997224442e-01
251   9.99999999999997446487e-01
252   9.99999999999998334665e-01
253   9.99999999999927280392e-01
254   9.99999999999981459275e-01
255   9.99999999999998112621e-01
256   1.00000000000040256687e+00
257   9.99999999999899524816e-01
258   9.99999999999998556710e-01
259   9.99999999999999666933e-01
260   9.99999999999996336264e-01
261   9.99999999999998334665e-01
262   9.99999999999998334665e-01
263   9.99999999999998112621e-01
264   9.99999999999998556710e-01
265   9.99999999999473865309e-01
266   1.00000000000017696955e+00
267   1.00000000000000088818e+00
268   9.99999999999891753255e-01
269   1.00000000000005018208e+00
270   9.99999999999999444888e-01
271   9.99999999999982014387e-01
272   1.00000000000000821565e+00
273   1.00000000000000199840e+00
274   9.99999999999883204538e-01
275   1.00000000000008193446e+00
276   1.00000000000000000000e+00
277   9.99999999999982902565e-01
278   1.00000000000003241851e+00
279   1.00000000000000111022e+00
280   1.00000000000000111022e+00
281   1.00000000000000377476e+00
282   1.00000000000000088818e+00
283   1.00000000000000310862e+00
284   1.00000000000000399680e+00
285   1.00000000000000155431e+00
286   1.00000000000000088818e+00
287   1.00000000000000222045e+00
288   1.00000000000000199840e+00
289   1.00000000000005462297e+00
290   1.00000000000002908784e+00
291   9.99999999999996225242e-01
292   9.99999999999959365837e-01
293   9.99999999999984456878e-01
294   1.00000000000001798561e+00
295   9.99999999998932742606e-01
296   9.99999999999666155936e-01
297   1.00000000000044186876e+00
298   9.99999999999998556710e-01
299   9.99999999999998778755e-01
300   9.99999999999998556710e-01
301   9.99999999999997890576e-01
302   9.99999999999998112621e-01
303   9.99999999999998556710e-01
304   1.00000000000014477308e+00
305   1.00000000000003463896e+00
306   9.99999999999998556710e-01
307   9.99999999999732436251e-01
308   1.00000000000008393286e+00
309   9.99999999999993449684e-01
310   1.00000000000025979219e+00
311   9.99999999999884092716e-01
312   9.99999999999992117417e-01
313   1.00000000000014366286e+00
314   9.99999999999906297177e-01
315   9.99999999999990785149e-01
316   1.00000000000007083223e+00
317   9.99999999999934607864e-01
318   9.99999999999991007194e-01
319   1.00000000000000155431e+00
320   9.99999999999973576692e-01
321   9.99999999999990785149e-01
322   9.99999999999991007194e-01
323   9.99999999999990563104e-01
324   9.99999999999991007194e-01
325   9.99999999999989896970e-01
326   9.99999999999989230837e-01
327   9.99999999999991895372e-01
328   9.99999999999973687714e-01
329   9.99999999999977906562e-01
330   9.99999999999985456078e-01
331   9.99999999999958366637e-01
332   9.99999999999974353848e-01
333   1.00000000000000976996e+00
334   9.99999999999819033647e-01
335   9.99999999999909627846e-01
336   9.99999999999920841098e-01
337   1.00000000000424216218e+00
338   1.00000000000132605038e+00
339   9.99999999998187782957e-01
340   9.99999999999820254892e-01
341   1.00000000000010080825e+00
342   1.00000000000003108624e+00
343   9.99999999999803046435e-01
344   1.00000000000015032420e+00
345   1.00000000000004951595e+00
346   9.99999999999962030373e-01
347   1.00000000000009192647e+00
348   1.00000000000004463097e+00
349   1.00000000000003597123e+00
350   1.00000000000005284662e+00
351   1.00000000000004618528e+00
352   1.00000000000004352074e+00
353   1.00000000000004862777e+00
354   1.00000000000004396483e+00
355   1.00000000000004440892e+00
356   1.00000000000004729550e+00
357   1.00000000000004596323e+00
358   1.00000000000005129230e+00
359   1.00000000000005440093e+00
360   1.00000000000004063416e+00
361   1.00000000000006528111e+00
362   1.00000000000005995204e+00
363   1.00000000000007882583e+00
364   1.00000000000007460699e+00
365   1.00000000000006128431e+00
366   9.99999999999931943329e-01
367   1.00000000000179012360e+00
368   1.00000000000084665608e+00
369   1.00000000000048117066e+00
370   9.99999999997205568647e-01
371   9.99999999999136912621e-01
372   1.00000000000132516220e+00
373   1.00000000000049138471e+00
374   9.99999999999876876267e-01
375   9.99999999999998112621e-01
376   9.99999999999996558309e-01
377   9.99999999999999666933e-01
378   9.99999999999998112621e-01
379   9.99999999999998556710e-01
380   9.99999999999997668532e-01
381   9.99999999999998334665e-01
382   9.99999999999198418976e-01
383   1.00000000000038125059e+00
384   1.00000000000008903989e+00
385   9.99999999999550581720e-01
386   1.00000000000026934011e+00
387   1.00000000000005462297e+00
388   9.99999999999963140596e-01
389   1.00000000000012145840e+00
390   1.00000000000006417089e+00
391   1.00000000000004707346e+00
392   1.00000000000007394085e+00
393   1.00000000000006195044e+00
394   1.00000000000006017409e+00
395   1.00000000000006461498e+00
396   1.00000000000006283862e+00
397   1.00000000000006372680e+00
398   1.00000000000005973000e+00
399   1.00000000000005973000e+00
400   1.00000000000005617729e+00
401   1.00000000000005462297e+00
402   1.00000000000007749357e+00
403   1.00000000000006639134e+00
404   1.00000000000006661338e+00
405   9.99999999999972799536e-01
406   1.00000000000011168844e+00
407   1.00000000000009037215e+00
408   1.00000000000036215475e+00
409   9.99999999997982169653e-01
410   9.99999999999096833569e-01
411   9.99999999998912758592e-01
412   1.00000000000049760196e+00
413   1.00000000000014588331e+00
414   9.99999999999675037721e-01
415   9.99999999999997002398e-01
416   9.99999999999999000799e-01
417   9.99999999999998334665e-01
418   9.99999999999998112621e-01
419   9.99999999999998778755e-01
420   9.99999999999998334665e-01
421   9.99999999999928834704e-01
422   9.99999999999981237231e-01
423   9.99999999999998556710e-01
424   9.99999999999356514735e-01
425   1.00000000000015676349e+00
426   9.99999999999998112621e-01
427   9.99999999999999666933e-01
428   9.99999999999999000799e-01
429   9.99999999999998778755e-01
430   9.99999999999998556710e-01
431   9.99999999999997668532e-01
432   9.99999999999998334665e-01
433   1.00000000000038014036e+00
434   9.99999999999839905840e-01
435   9.99999999999974242826e-01
436   1.00000000000013278267e+00
437   9.99999999999919175764e-01
438   9.99999999999983568699e-01
439   1.00000000000003597123e+00
440   9.99999999999953148588e-01
441   9.99999999999981348253e-01
442   1.00000000000004352074e+00
443   9.99999999999936717288e-01
444   9.99999999999982791543e-01
445   9.99999999999987898569e-01
446   9.99999999999970690112e-01
447   9.99999999999981126209e-01
448   9.99999999999981459275e-01
449   9.99999999999983346655e-01
450   9.99999999999983124610e-01
451   9.99999999999985345056e-01
452   9.99999999999986899368e-01
453   9.99999999999978128606e-01
454   9.99999999999991784350e-01
455   9.99999999999989119814e-01
456   1.00000000000000555112e+00
457   9.99999999999972910558e-01
458   9.99999999999976019183e-01
459   9.99999999999900857084e-01
460   1.00000000000040345505e+00
461   1.00000000000018052226e+00
462   1.00000000000028976821e+00
463   9.99999999999514499471e-01
464   9.99999999999843347531e-01
465   1.00000000000008504308e+00
466   9.99999999999997668532e-01
467   9.99999999999998112621e-01
468   9.99999999999998334665e-01
469   9.99999999999997890576e-01
470   9.99999999999998112621e-01
471   9.99999999999998334665e-01
472   9.99999999999985011989e-01
473   9.99999999999995003996e-01
474   9.99999999999998556710e-01
475   9.99999999999962696506e-01
476   1.00000000000000732747e+00
477   9.99999999999998778755e-01
478   9.99999999999999000799e-01
479   9.99999999999998112621e-01
480   9.99999999999998556710e-01
481   9.99999999999998334665e-01
482   9.99999999999998112621e-01
483   9.99999999999998334665e-01
484   9.99999999999394595385e-01
485   1.00000000000020694557e+00
486   1.00000000000000599520e+00
487   9.99999999999557576125e-01
488   1.00000000000018895996e+00
489   1.00000000000000222045e+00
490   9.99999999999804933815e-01
491   1.00000000000011279866e+00
492   1.00000000000000288658e+00
493   9.99999999999937383421e-01
494   1.00000000000005551115e+00
495   1.00000000000000444089e+00
496   1.00000000000000799361e+00
497   9.99999999999999111822e-01
498   1.00000000000000488498e+00
499   1.00000000000000288658e+00
500   1.00000000000000044409e+00
501   1.00000000000000288658e+00
502   1.00000000000000066613e+00
503   9.99999999999998889777e-01
504   1.00000000000000577316e+00
505   9.99999999999997557509e-01
506   9.99999999999999333866e-01
507   9.99999999999997890576e-01
508   1.00000000000000621725e+00
509   1.00000000000000510703e+00
510   1.00000000000002486900e+00
511   9.99999999999968025577e-01
512   9.99999999999984900967e-01
513   9.99999999999920730076e-01
514   1.00000000000045607962e+00
515   1.00000000000015121238e+00
516   9.99999999999975353049e-01
517   9.99999999999998778755e-01
518   9.99999999999997446487e-01
519   9.99999999999999000799e-01
520   9.99999999999998334665e-01
521   9.99999999999998334665e-01
522   9.99999999999998334665e-01
523   1.00000000000010635937e+00
524   1.00000000000002509104e+00
525   9.99999999999998334665e-01
526   9.99999999999981903365e-01
527   1.00000000000000244249e+00
528   9.99999999999998334665e-01
529   9.99999999999999666933e-01
530   9.99999999999999888978e-01
531   9.99999999999997890576e-01
532   9.99999999999998778755e-01
533   9.99999999999998556710e-01
534   9.99999999999998334665e-01
535   1.00000000000062350125e+00
536   9.99999999999784727756e-01
537   9.99999999999997557509e-01
538   9.99999999999918509630e-01
539   1.00000000000002620126e+00
540   9.99999999999997002398e-01
541   1.00000000000004529710e+00
542   9.99999999999979127807e-01
543   9.99999999999998334665e-01
544   1.00000000000010946799e+00
545   9.99999999999912181359e-01
546   9.99999999999997113420e-01
547   9.99999999999983901766e-01
548   1.00000000000002020606e+00
549   9.99999999999996003197e-01
550   9.99999999999999444888e-01
551   1.00000000000000444089e+00
552   9.99999999999996780353e-01
553   9.99999999999998778755e-01
554   9.99999999999998334665e-01
555   9.99999999999996558309e-01
556   9.99999999999991007194e-01
557   9.99999999999993005595e-01
558   9.99999999999998112621e-01
559   1.00000000000000133227e+00
560   1.00000000000000044409e+00
561   9.99999999999992117417e-01
562   1.00000000000003996803e+00
563   1.00000000000001421085e+00
564   1.00000000000001731948e+00
565   9.99999999999600874823e-01
566   9.99999999999863775635e-01
567   1.00000000000000377476e+00
568   9.99999999999999222844e-01
569   9.99999999999998778755e-01
570   9.99999999999998556710e-01
571   9.99999999999998556710e-01
572   9.99999999999998334665e-01
573   9.99999999999998334665e-01
574   9.99999999999795607941e-01
575   9.99999999999947819518e-01
576   9.99999999999998334665e-01
577   9.99999999999651056903e-01
578   1.00000000000008415491e+00
579   9.99999999999998112621e-01
580   9.99999999999998334665e-01
581   9.99999999999998112621e-01
582   9.99999999999999444888e-01
583   9.99999999999998778755e-01
584   9.99999999999998334665e-01
585   9.99999999999998334665e-01
586   9.99999999999439226350e-01
587   1.00000000000018385293e+00
588   9.99999999999999222844e-01
589   9.99999999999603428336e-01
590   1.00000000000016298074e+00
591   9.99999999999999666933e-01
592   9.99999999999835909037e-01
593   1.00000000000009192647e+00
594   9.99999999999997668532e-01
595   1.00000000000015365487e+00
596   9.99999999999899857883e-01
597   1.00000000000000111022e+00
598   1.00000000000006838974e+00
599   9.99999999999867106304e-01
600   1.00000000000000444089e+00
601   9.99999999999993449684e-01
602   9.99999999999978905763e-01
603   1.00000000000000333067e+00
604   1.00000000000000066613e+00
605   1.00000000000000022204e+00
606   1.00000000000000333067e+00
607   1.00000000000000466294e+00
608   1.00000000000000444089e+00
609   1.00000000000000333067e+00
610   1.00000000000000710543e+00
611   1.00000000000000532907e+00
612   1.00000000000000377476e+00
613   9.99999999999958699703e-01
614   9.99999999999984900967e-01
615   9.99999999999998223643e-01
616   1.00000000000009592327e+00
617   1.00000000000003486100e+00
618   1.00000000000000088818e+00
619   9.99999999999997890576e-01
620   9.99999999999998112621e-01
621   9.99999999999997890576e-01
622   9.99999999999998778755e-01
623   9.99999999999998556710e-01
624   9.99999999999998334665e-01
625   1.00000000000006283862e+00
626   1.00000000000001421085e+00
627   9.99999999999998556710e-01
628   1.00000000000026867397e+00
629   9.99999999999932165373e-01
630   9.99999999999998778755e-01
631   9.99999999999998334665e-01
632   9.99999999999997002398e-01
633   9.99999999999997446487e-01
634   9.99999999999998556710e-01
635   9.99999999999998334665e-01
636   9.99999999999998334665e-01
637   9.99999999999758526492e-01
638   1.00000000000008371082e+00
639   1.00000000000000088818e+00
640   1.00000000000001310063e+00
641   9.99999999999998778755e-01
642   9.99999999999998889777e-01
643   1.00000000000008659740e+00
644   9.99999999999951927343e-01
645   1.00000000000000288658e+00
646   9.99999999999595101663e-01
647   1.00000000000025512925e+00
648   9.99999999999992006394e-01
649   9.99999999999770627923e-01
650   1.00000000000044075854e+00
651   9.99999999999981348253e-01
652   1.00000000000001953993e+00
653   1.00000000000007061018e+00
654   9.99999999999984456878e-01
655   9.99999999999985123011e-01
656   9.99999999999984678922e-01
657   9.99999999999984345855e-01
658   9.99999999999964916952e-01
659   9.99999999999969801934e-01
660   9.99999999999984900967e-01
661   9.99999999999940158979e-01
662   9.99999999999960476060e-01
663   9.99999999999984456878e-01
664   9.99999999999945932139e-01
665   9.99999999999970801134e-01
666   9.99999999999987010391e-01
667   1.00000000000015276669e+00
668   1.00000000000003952394e+00
669   9.99999999999982569499e-01
670   9.99999999999997224442e-01
671   9.99999999999997668532e-01
672   9.99999999999998778755e-01
673   9.99999999999998334665e-01
674   9.99999999999998334665e-01
675   9.99999999999998334665e-01
676   1.00000000000011102230e+00
677   1.00000000000002664535e+00
678   9.99999999999998112621e-01
679   9.99999999999814703777e-01
680   1.00000000000004929390e+00
681   9.99999999999989896970e-01
682   9.99999999999991673327e-01
683   9.99999999999996780353e-01
684   9.99999999999996669331e-01
685   1.00000000000000777156e+00
686   9.99999999999984789945e-01
687   9.99999999999984456878e-01
688   1.00000000000133937306e+00
689   9.99999999999161337527e-01
690   1.00000000000002620126e+00
691   1.00000000000087485574e+00
692   9.99999999998290589609e-01
693   1.00000000000007438494e+00
694   9.99999999999919064742e-01
695   9.99999999999718225396e-01
696   1.00000000000005306866e+00
697   1.00000000000005684342e+00
698   1.00000000000005750955e+00
699   1.00000000000005861978e+00
700   1.00000000000005551115e+00
701   1.00000000000005617729e+00
702   1.00000000000005639933e+00
703   1.00000000000007149836e+00
704   1.00000000000006594725e+00
705   1.00000000000005884182e+00
706   1.00000000000016142643e+00
707   1.00000000000009969803e+00
708   1.00000000000005240253e+00
709   1.00000000000032862602e+00
710   1.00000000000015520918e+00
711   1.00000000000006905587e+00
712   9.99999999999351740776e-01
713   1.00000000000018784974e+00
714   1.00000000000003264056e+00
715   1.00000000000005662137e+00
716   1.00000000000006994405e+00
717   1.00000000000003153033e+00
718   9.99999999999970801134e-01
719   9.99999999999683142349e-01
720   1.00000000000003241851e+00
721   9.99999999999398592188e-01
722   1.00000000000022959412e+00
723   1.00000000000003330669e+00
724   9.99999999999883093516e-01
725   1.00000000000009325873e+00
726   1.00000000000001798561e+00
727   9.99999999999843569576e-01
728   1.00000000000013300472e+00
729   1.00000000000007305268e+00
730   1.00000000000013944401e+00
731   9.99999999999966027175e-01
732   9.99999999999868438572e-01
733   1.00000000000010236256e+00
734   9.99999999999918953719e-01
735   1.00000000000073030471e+00
736   1.00000000000044608761e+00
737   9.99999999998986033312e-01
738   1.00000000000093192121e+00
739   1.00000000000259325894e+00
740   1.00000000000227462493e+00
741   9.99999999999665378780e-01
742   9.99999999999921174165e-01
743   9.99999999999940270001e-01
744   1.00000000000008393286e+00
745   9.99999999999882205337e-01
746   9.99999999999948485652e-01
747   1.00000000000009281464e+00
748   1.00000000000020250468e+00
749   1.00000000000008659740e+00
750   9.99999999999974131804e-01
751   9.99999999995657806728e-01
752   9.99999999998396615908e-01
753   1.00000000000000710543e+00
754   1.00000000000009525714e+00
755   1.00000000000055822014e+00
756   9.99999999999998667732e-01
757   1.00000000000024025226e+00
758   1.00000000000003397282e+00
759   9.99999999999998223643e-01
760   1.00000000000717248483e+00
761   1.00000000000162225788e+00
762   9.99999999999999111822e-01
763   9.99999999999114264071e-01
764   1.00000000000024136249e+00
765   1.00000000000002220446e+00
766   1.00000000000026156854e+00
767   9.99999999999973354647e-01
768   1.00000000000002309264e+00
769   1.00000000000002065015e+00
770   9.99999999999911182158e-01
771   1.00000000000002131628e+00
772   1.00000000000035904613e+00
773   9.99999999999893751657e-01
774   1.00000000000001443290e+00
775   9.99999999999819366714e-01
776   1.00000000000010680345e+00
777   1.00000000000003352874e+00
778   1.00000000000013677948e+00
779   9.99999999999960698105e-01
780   9.99999999999969468867e-01
781   1.00000000000005906386e+00
782   9.99999999999985123011e-01
783   1.00000000000020250468e+00
784   1.00000000000000266454e+00
785   1.00000000000004463097e+00
786   9.99999999999230393399e-01
787   9.99999999999443223153e-01
788   1.00000000000142419410e+00
789   9.99999999999758526492e-01
790   9.99999999999309885368e-01
791   9.99999999999394706407e-01
792   1.00000000000006128431e+00
793   1.00000000000015210055e+00
794   1.00000000000013056223e+00
795   1.00000000000010813572e+00
796   9.99999999998600008766e-01
797   9.99999999999348854196e-01
798   1.00000000000069766415e+00
799   9.99999999999691913111e-01
800   9.99999999999868438572e-01
801   9.99999999999809263684e-01
802   9.99999999999412247931e-01
803   9.99999999999801381101e-01
804   1.00000000000004662937e+00
805   9.99999999999881761248e-01
806   9.99999999999976241227e-01
807   9.99999999999996003197e-01
808   1.00000000000013522516e+00
809   1.00000000000001088019e+00
810   9.99999999999999111822e-01
811   1.00000000000054134475e+00
812   1.00000000000013034018e+00
813   9.99999999999999777955e-01
814   1.00000000000125521815e+00
815   9.99999999999696465025e-01
816   9.99999999999993782751e-01
817   1.00000000000009259260e+00
818   9.99999999999921618254e-01
819   9.99999999999993671729e-01
820   1.00000000000003530509e+00
821   9.99999999999967026376e-01
822   9.99999999999993782751e-01
823   1.00000000000033573144e+00
824   9.99999999999892419389e-01
825   9.99999999999995003996e-01
826   1.00000000000013877788e+00
827   9.99999999999925281990e-01
828   9.99999999999991118216e-01
829   9.99999999999841793219e-01
830   1.00000000000007505108e+00
831   1.00000000000000599520e+00
832   9.99999999999958588681e-01
833   1.00000000000002464695e+00
834   9.99999999999952260410e-01
835   9.99999999999998778755e-01
836   9.99999999999988453681e-01
837   1.00000000000017297275e+00
838   1.00000000000012545520e+00
839   9.99999999999674149542e-01
840   1.00000000000002509104e+00
841   1.00000000000016342483e+00
842   1.00000000000014388490e+00
843   1.00000000000008260059e+00
844   9.99999999999471200773e-01
845   9.99999999999535371664e-01
846   9.99999999999479638468e-01
847   1.00000000000557731639e+00
848   1.00000000000256683563e+00
849   9.99999999997108202088e-01
850   9.99999999999983235632e-01
851   9.99999999999991673327e-01
852   1.00000000000078426154e+00
853   1.00000000000360489416e+00
854   1.00000000000132382993e+00
855   9.99999999999798272476e-01
856   1.00000000000019029223e+00
857   9.99999999999640176718e-01
858   1.00000000000001243450e+00
859   1.00000000000021893598e+00
860   1.00000000000000310862e+00
861   9.99999999999998889777e-01
862   9.99999999994125587932e-01
863   9.99999999998662181255e-01
864   9.99999999999995115019e-01
865   9.99999999996733612839e-01
866   1.00000000000075806028e+00
867   9.99999999999996336264e-01
868   1.00000000000057776006e+00
869   9.99999999999997557509e-01
870   9.99999999999997446487e-01
871   1.00000000000006949996e+00
872   1.00000000000004773959e+00
873   9.99999999999996225242e-01
874   1.00000000000141198164e+00
875   9.99999999999470090550e-01
876   9.99999999999995115019e-01
877   9.99999999999876210133e-01
878   1.00000000000004818368e+00
879   9.99999999999995115019e-01
880   9.99999999999980571097e-01
881   1.00000000000000732747e+00
882   1.00000000000000088818e+00
883   1.00000000000006417089e+00
884   9.99999999999947264406e-01
885   9.99999999999980015986e-01
886   1.00000000000000333067e+00
887   9.99999999999981348253e-01
888   1.00000000000007260859e+00
889   1.00000000000004796163e+00
890   9.99999999999872102308e-01
891   1.00000000000013655743e+00
892   1.00000000000003241851e+00
893   1.00000000000002620126e+00
894   9.99999999999602318113e-01
895   1.00000000000196420658e+00
896   1.00000000000172928338e+00
897   1.00000000000196953565e+00
898   1.00000000000004152234e+00
899   1.00000000000000954792e+00
900   1.00000000000002042810e+00
901   9.99999999999645616811e-01
902   1.00000000000016697754e+00
903   1.00000000000001576517e+00
904   9.99999999999816369112e-01
905   1.00000000000012989609e+00
906   1.00000000000002509104e+00
907   9.99999999991768362406e-01
908   1.00000000000514255305e+00
909   9.99999999999990341060e-01
910   9.99999999994816701765e-01
911   1.00000000000899169628e+00
912   9.99999999999967470465e-01
913   1.00000000000059774408e+00
914   1.00000000000151501034e+00
915   9.99999999999950928142e-01
916   9.99999999999955813124e-01
917   9.99999999999955369034e-01
918   9.99999999999956257213e-01
919   9.99999999999950262008e-01
920   9.99999999999950928142e-01
921   9.99999999999955702101e-01
922   9.99999999999940381024e-01
923   9.99999999999945710094e-01
924   9.99999999999953259611e-01
925   9.99999999999891642233e-01
926   9.99999999999929944927e-01
927   9.99999999999959698904e-01
928   9.99999999999639177517e-01
929   9.99999999999841238107e-01
930   9.99999999999943600670e-01
931   1.00000000000070565775e+00
932   9.99999999999821587160e-01
933   9.99999999999999666933e-01
934   9.99999999999998112621e-01
935   1.00000000000001332268e+00
936   9.99999999999999000799e-01
937   9.99999999999989563904e-01
938   1.00000000000000044409e+00
939   9.99999999999998556710e-01
940   9.99999999999898969705e-01
941   1.00000000000001687539e+00
942   9.99999999999995226041e-01
943   9.99999999999522493077e-01
944   1.00000000000019073632e+00
945   9.99999999999992450483e-01
946   9.99999999999923616656e-01
947   1.00000000000003974598e+00
948   1.00000000000000088818e+00
949   1.00000000002288724765e+00
950   9.99999999985794807422e-01
951   9.99999999999973243625e-01
952   1.00000000001443112296e+00
953   9.99999999975634934479e-01
954   9.99999999999866218126e-01
955   9.99999999998313571226e-01
956   9.99999999995895949567e-01
957   1.00000000000004884981e+00
958   1.00000000000000932587e+00
959   1.00000000000001065814e+00
960   9.99999999999995337063e-01
961   1.00000000000000288658e+00
962   1.00000000000000488498e+00
963   1.00000000000001021405e+00
964   1.00000000000001820766e+00
965   1.00000000000001509903e+00
966   1.00000000000000843769e+00
967   1.00000000000009547918e+00
968   1.00000000000004551914e+00
969   1.00000000000000821565e+00
970   9.99999999999536370865e-01
971   9.99999999999832800412e-01
972   1.00000000000001265654e+00
973   9.99999999999955480057e-01
974   1.00000000000005462297e+00
975   9.99999999999998556710e-01
976   9.99999999999961253216e-01
977   9.99999999999983235632e-01
978   9.99999999999998778755e-01
979   1.00000000000096300745e+00
980   1.00000000000021782576e+00
981   9.99999999999998112621e-01
982   9.99999999998747668428e-01
983   1.00000000000029554137e+00
984   9.99999999999997335465e-01
985   9.99999999999991562305e-01
986   1.00000000000003907985e+00
987   9.99999999999998667732e-01
988   9.99999999999974686915e-01
989   1.00000000000000133227e+00
990   9.99999999999998667732e-01
991   1.00000000000035815795e+00
992   9.99999999999873212531e-01
993   9.99999999999997668532e-01
994   1.00000000000041322501e+00
995   9.99999999999832023256e-01
996   1.00000000000000799361e+00
997   1.00000000000021471713e+00
998   9.99999999999881983292e-01
999   9.99999999999970468068e-01
1000   9.99999999923514182321e-01
1001   1.00000000004740452475e+00
1002   1.00000000000010391688e+00
1003   9.99999999951580620383e-01
1004   1.00000000008151790354e+00
1005   1.00000000000050892623e+00
1006   1.00000000000565947289e+00
1007   1.00000000001373057223e+00
1008   9.99999999999858779631e-01
1009   9.99999999999998223643e-01
1010   9.99999999999996780353e-01
1011   1.00000000000004640732e+00
1012   9.99999999999994337863e-01
1013   9.99999999999995892175e-01
1014   9.99999999999991673327e-01
1015   9.99999999999975242027e-01
1016   9.99999999999983568699e-01
1017   9.99999999999999777955e-01
1018   9.99999999999794719763e-01
1019   9.99999999999913513626e-01
1020   9.99999999999997557509e-01
1021   9.99999999998767541420e-01
1022   9.99999999999552802166e-01
1023   9.99999999999996780353e-01
1024   9.99999999999902744463e-01
1025   1.00000000000009392487e+00
1026   1.00000000000000133227e+00
1027   9.99999999999909294779e-01
1028   9.99999999999951594276e-01
1029   1.00000000000000111022e+00
1030   1.00000000000170596870e+00
1031   1.00000000000038857806e+00
1032   1.00000000000000088818e+00
1033   9.99999999999010014129e-01
1034   1.00000000000022537527e+00
1035   1.00000000000000111022e+00
1036   9.99999999999971134201e-01
1037   1.00000000000008459899e+00
1038   9.99999999999999555911e-01
1039   9.99999999999936828310e-01
1040   9.99999999999999888978e-01
1041   1.00000000000000066613e+00
1042   1.00000000000081734619e+00
1043   9.99999999999702682274e-01
1044   1.00000000000000799361e+00
1045   9.99999999999684474616e-01
1046   1.00000000000012789769e+00
1047   9.99999999999970468068e-01
1048   9.99999999999832245301e-01
1049   1.00000000000009503509e+00
1050   1.00000000000010969003e+00
1051   1.00000000028359981030e+00
1052   9.99999999824174201635e-01
1053   9.99999999999607203094e-01
1054   1.00000000017926948814e+00
1055   9.99999999698217956201e-01
1056   9.99999999998090527420e-01
1057   9.99999999979037657027e-01
1058   9.99999999949180540249e-01
1059   1.00000000000050937032e+00
1060   9.99999999999992117417e-01
1061   9.99999999999994004796e-01
1062   9.99999999999813593554e-01
1063   1.00000000000000133227e+00
1064   9.99999999999997224442e-01
1065   1.00000000000001931788e+00
1066   9.99999999999972466469e-01
1067   9.99999999999982014387e-01
1068   9.99999999999982902565e-01
1069   1.00000000000011857182e+00
1070   1.00000000000004551914e+00
1071   9.99999999999992894573e-01
1072   9.99999999994076849141e-01
1073   9.99999999997818300734e-01
1074   9.99999999999990563104e-01
1075   9.99999999999955258012e-01
1076   1.00000000000066080474e+00
1077   9.99999999999990341060e-01
1078   9.99999999999733213407e-01
1079   9.99999999999895639036e-01
1080   9.99999999999989896970e-01
1081   1.00000000000947353307e+00
1082   1.00000000000214361862e+00
1083   9.99999999999990341060e-01
1084   9.99999999994043875517e-01
1085   1.00000000000134559031e+00
1086   9.99999999999990230037e-01
1087   1.00000000000014099832e+00
1088   1.00000000000035793590e+00
1089   9.99999999999993449684e-01
1090   9.99999999999826028052e-01
1091   1.00000000000001865175e+00
1092   9.99999999999991229238e-01
1093   1.00000000000393396427e+00
1094   9.99999999998555044733e-01
1095   9.99999999999963695707e-01
1096   9.99999999999982125409e-01
1097   9.99999999999994337863e-01
1098   1.00000000000010236256e+00
1099   1.00000000000013034018e+00
1100   9.99999999999921951321e-01
1101   9.99999999999585664767e-01
1102   9.99999998942249113121e-01
1103   1.00000000065577476782e+00
1104   1.00000000000146305190e+00
1105   9.99999999331343536468e-01
1106   1.00000000105249453597e+00
1107   1.00000000000131228362e+00
1108   1.00000000007249978395e+00
1109   1.00000000017582557632e+00
1110   9.99999999999631183911e-01
1111   9.99999999999993893773e-01
1112   9.99999999999995670130e-01
1113   1.00000000000011435297e+00
1114   9.99999999999998667732e-01
1115   9.99999999999997779554e-01
1116   9.99999999999972133402e-01
1117   9.99999999999988564703e-01
1118   9.99999999999988342658e-01
1119   9.99999999999997446487e-01
1120   9.99999999999853450561e-01
1121   9.99999999999930611061e-01
1122   9.99999999999990341060e-01
1123   1.00000000000529154498e+00
1124   1.00000000000194955163e+00
1125   9.99999999999991562305e-01
1126   1.00000000000033995029e+00
1127   9.99999999999451105737e-01
1128   9.99999999999990230037e-01
1129   9.99999999999737099188e-01
1130   9.99999999999943156581e-01
1131   9.99999999999990119015e-01
1132   9.99999999990891841328e-01
1133   9.99999999997918553873e-01
1134   9.99999999999990785149e-01
1135   1.00000000000377631260e+00
1136   9.99999999999146793606e-01
1137   9.99999999999992228439e-01
1138   1.00000000000004507505e+00
1139   9.99999999999646393967e-01
1140   9.99999999999985789145e-01
1141   9.99999999999860555988e-01
1142   1.00000000000003530509e+00
1143   9.99999999999991118216e-01
1144   9.99999999997107535954e-01
1145   1.00000000000105115916e+00
1146   1.00000000000003330669e+00
1147   1.00000000000017563728e+00
1148   9.99999999999915178961e-01
1149   9.99999999999830913033e-01
1150   9.99999999999999555911e-01
1151   9.99999999999984900967e-01
1152   1.00000000000058175686e+00
1153   1.00000000030747582258e+00
1154   9.99999999809352391189e-01
1155   9.99999999997854605027e-01
1156   1.00000000019289325692e+00
1157   9.99999999715662668542e-01
1158   9.99999999999645283744e-01
1159   9.99999999980413667444e-01
1160   9.99999999952498219713e-01
1161   1.00000000000009969803e+00
1162   1.00000000000000044409e+00
1163   9.99999999999998778755e-01
1164   9.99999999999968247621e-01
1165   9.99999999999980682119e-01
1166   9.99999999999986899368e-01
1167   1.00000000000000310862e+00
1168   9.99999999999985234034e-01
1169   9.99999999999993005595e-01
1170   1.00000000000000088818e+00
1171   1.00000000000005173639e+00
1172   1.00000000000002242651e+00
1173   1.00000000000000022204e+00
1174   1.00000000000101607611e+00
1175   1.00000000000037148062e+00
1176   1.00000000000000022204e+00
1177   9.99999999999975797138e-01
1178   9.99999999999879651824e-01
1179   1.00000000000000155431e+00
1180   9.99999999999904409798e-01
1181   9.99999999999992228439e-01
1182   1.00000000000000133227e+00
1183   9.99999999998637423282e-01
1184   9.99999999999695465824e-01
1185   1.00000000000000088818e+00
1186   1.00000000000152189372e+00
1187   9.99999999999645949877e-01
1188   1.00000000000000088818e+00
1189   9.99999999999959476860e-01
1190   9.99999999999940603068e-01
1191   1.00000000000000244249e+00
1192   9.99999999999953037566e-01
1193   1.00000000000001976197e+00
1194   1.00000000000000111022e+00
1195   9.99999999999005795281e-01
1196   1.00000000000035549341e+00
1197   9.99999999999989341859e-01
1198   9.99999999999961697306e-01
1199   1.00000000000002176037e+00
1200   1.00000000000004840572e+00
1201   1.00000000000002886580e+00
1202   9.99999999999985234034e-01
1203   9.99999999999825139874e-01
1204   9.99999999908356751455e-01
1205   1.00000000005681677351e+00
1206   1.00000000000063971051e+00
1207   9.99999999942490780391e-01
1208   1.00000000008476752633e+00
1209   1.00000000000010147438e+00
1210   1.00000000000583555426e+00
1211   1.00000000001416711193e+00
1212   9.99999999999965250019e-01
1213   9.99999999999986566301e-01
1214   9.99999999999989008792e-01
1215   1.00000000000000888178e+00
1216   9.99999999999992783550e-01
1217   9.99999999999993893773e-01
1218   9.99999999999997113420e-01
1219   1.00000000000000266454e+00
1220   1.00000000000000111022e+00
1221   9.99999999999996780353e-01
1222   9.99999999999923172567e-01
1223   9.99999999999964916952e-01
1224   9.99999999999998667732e-01
1225   1.00000000000028732572e+00
1226   1.00000000000011324275e+00
1227   9.99999999999999000799e-01
1228   9.99999999999991673327e-01
1229   9.99999999999933719685e-01
1230   9.99999999999998556710e-01
1231   9.99999999999961253216e-01
1232   9.99999999999993671729e-01
1233   9.99999999999998778755e-01
1234   9.99999999999178657006e-01
1235   9.99999999999813149465e-01
1236   9.99999999999998778755e-01
1237   9.99999999999422128916e-01
1238   1.00000000000018873791e+00
1239   1.00000000000000133227e+00
1240   9.99999999999688360397e-01
1241   1.00000000000012478907e+00
1242   9.99999999999980460075e-01
1243   9.99999999999794719763e-01
1244   1.00000000000010724754e+00
1245   1.00000000000006261658e+00
1246   1.00000000003299138740e+00
1247   9.99999999979556464247e-01
1248   9.99999999999763744540e-01
1249   1.00000000002075761785e+00
1250   9.99999999969399810951e-01
1251   9.99999999999974797937e-01
1252   9.99999999997900457238e-01
1253   9.99999999994862887043e-01
1254   1.00000000000002930989e+00
1255   1.00000000000005817569e+00
1256   1.00000000000005173639e+00
1257   9.99999999999989008792e-01
1258   1.00000000000000244249e+00
1259   1.00000000000000244249e+00
1260   1.00000000000000177636e+00
1261   1.00000000000005440093e+00
1262   1.00000000000003108624e+00
1263   1.00000000000000244249e+00
1264   1.00000000000015654145e+00
1265   1.00000000000006328271e+00
1266   9.99999999999997668532e-01
1267   1.00000000000005928591e+00
1268   1.00000000000001776357e+00
1269   9.99999999999998889777e-01
1270   9.99999999999752087199e-01
1271   1.00000000000008304468e+00
1272   1.00000000000000000000e+00
1273   9.99999999999606759005e-01
1274   1.00000000000016275870e+00
1275   1.00000000000000599520e+00
1276   9.99999999999777289261e-01
1277   1.00000000000012545520e+00
1278   9.99999999999984900967e-01
1279   9.99999999994629518163e-01
1280   1.00000000000333777450e+00
1281   1.00000000000006172840e+00
1282   9.99999999996635580146e-01
1283   1.00000000000496425123e+00
1284   9.99999999999919619853e-01
1285   1.00000000000027888802e+00
1286   1.00000000000098343556e+00
1287   9.99999999999869104705e-01
1288   9.99999999999643285342e-01
1289   9.99999999999689137553e-01
1290   1.00000000000004218847e+00
1291   1.00000000000001909584e+00
1292   1.00000000000001287859e+00
1293   9.99999999999984900967e-01
1294   1.00000000000001754152e+00
1295   1.00000000000000599520e+00
1296   9.99999999999980904164e-01
1297   9.99999999999831357123e-01
1298   9.99999999999929056749e-01
1299   1.00000000000000488498e+00
1300   9.99999999999820921026e-01
1301   9.99999999999941047157e-01
1302   9.99999999999998445688e-01
1303   1.00000000000051514348e+00
1304   9.99999999999866551192e-01
1305   9.99999999999992228439e-01
1306   9.99999999999901190151e-01
1307   1.00000000000000555112e+00
1308   9.99999999999992783550e-01
1309   1.00000000000000666134e+00
1310   9.99999999999976796339e-01
1311   9.99999999999992561506e-01
1312   1.00000000000001487699e+00
1313   9.99999999999987121413e-01
1314   9.99999999999994115818e-01
1315   9.99999999999841349130e-01
1316   1.00000000000005440093e+00
1317   9.99999999999987232435e-01
1318   9.99999999999975019982e-01
1319   1.00000000000000444089e+00
1320   1.00000000000000954792e+00
1321   1.00000000000126876287e+00
1322   9.99999999999204525203e-01
1323   9.99999999999927613459e-01
1324   1.00000000000080602192e+00
1325   9.99999999998792743483e-01
1326   1.00000000000023092639e+00
1327   1.00000000000008548717e+00
1328   9.99999999999366839809e-01
1329   1.00000000000035393910e+00
1330   1.00000000000099209529e+00
1331   1.00000000000087219121e+00
1332   9.99999999999880095913e-01
1333   9.99999999999977906562e-01
1334   9.99999999999985011989e-01
1335   1.00000000000003863576e+00
1336   9.99999999999901856285e-01
1337   9.99999999999950928142e-01
1338   1.00000000000004996004e+00
1339   1.00000000000003352874e+00
1340   1.00000000000001443290e+00
1341   9.99999999999981681320e-01
1342   1.00000000000126720856e+00
1343   1.00000000000045052850e+00
1344   1.00000000000000066613e+00
1345   9.99999999999923727678e-01
1346   9.99999999999875877066e-01
1347   9.99999999999996780353e-01
1348   1.00000000000008060219e+00
1349   9.99999999999994337863e-01
1350   9.99999999999996780353e-01
1351   9.99999999998282929070e-01
1352   9.99999999999602651179e-01
1353   9.99999999999997668532e-01
1354   1.00000000000072608586e+00
1355   9.99999999999872768441e-01
1356   1.00000000000002242651e+00
1357   9.99999999999704125564e-01
1358   1.00000000000001398881e+00
1359   1.00000000000002264855e+00
1360   1.00000000000001287859e+00
1361   9.99999999999908406600e-01
1362   1.00000000000002242651e+00
1363   9.99999999999429345365e-01
1364   1.00000000000024646951e+00
1365   1.00000000000001620926e+00
1366   1.00000000000003730349e+00
1367   1.00000000000001132427e+00
1368   1.00000000000003397282e+00
1369   1.00000000000003042011e+00
1370   1.00000000000001709743e+00
1371   9.99999999999969468867e-01
1372   9.99999999999783284466e-01
1373   1.00000000000015498713e+00
1374   1.00000000000020938806e+00
1375   9.99999999999802713369e-01
1376   1.00000000000033484326e+00
1377   9.99999999999213184942e-01
1378   9.99999999999454991517e-01
1379   1.00000000000150324198e+00
1380   9.99999999998810173985e-01
1381   9.99999999996665334123e-01
1382   9.99999999997066901791e-01
1383   1.00000000000040056847e+00
1384   1.00000000000000999201e+00
1385   1.00000000000000244249e+00
1386   9.99999999999864441769e-01
1387   1.00000000000026290081e+00
1388   1.00000000000012545520e+00
1389   9.99999999999826139074e-01
1390   9.99999999999915623050e-01
1391   9.99999999999964916952e-01
1392   1.00000000000005706546e+00
1393   1.00000000000474842388e+00
1394   1.00000000000176503256e+00
1395   9.99999999999995448086e-01
1396   1.00000000000014144241e+00
1397   9.99999999999440669640e-01
1398   1.00000000000000643929e+00
1399   1.00000000000023869795e+00
1400   1.00000000000000222045e+00
1401   1.00000000000000577316e+00
1402   9.99999999992562171869e-01
1403   9.99999999998331445816e-01
1404   1.00000000000000555112e+00
1405   9.99999999996824429083e-01
1406   9.99999999998535171741e-01
1407   1.00000000000181721305e+00
1408   1.00000000000002042810e+00
1409   1.00000000000001620926e+00
1410   9.99999999999512834137e-01
1411   9.99999999996167843186e-01
1412   9.99999999998582245198e-01
1413   1.00000000000013056223e+00
1414   1.00000000000014144241e+00
1415   1.00000000000054001248e+00
1416   9.99999999999996669331e-01
1417   1.00000000000019273472e+00
1418   1.00000000000004507505e+00
1419   1.00000000000000377476e+00
1420   1.00000000000748667794e+00
1421   1.00000000000171285208e+00
1422   1.00000000000000621725e+00
1423   1.00000000000150213175e+00
1424   9.99999999999630628800e-01
1425   9.99999999999982458476e-01
1426   9.99999999999793498517e-01
1427   9.99999999999952371432e-01
1428   9.99999999999983346655e-01
1429   1.00000000000007149836e+00
1430   1.00000000000008659740e+00
1431   9.99999999999982236432e-01
1432   9.99999999999625854841e-01
1433   1.00000000000012301271e+00
1434   9.99999999999982125409e-01
1435   9.99999999999708566456e-01
1436   1.00000000000009059420e+00
1437   9.99999999999985123011e-01
1438   9.99999999999922395411e-01
1439   1.00000000000001931788e+00
1440   9.99999999999977240428e-01
1441   9.99999999999972022380e-01
1442   9.99999999999989674926e-01
1443   1.00000000000000222045e+00
1444   9.99999999999980015986e-01
1445   9.99999999999989119814e-01
1446   9.99999999999897526415e-01
1447   9.99999999999916955318e-01
1448   1.00000000000014144241e+00
1449   9.99999999999780952997e-01
1450   9.99999999999917621452e-01
1451   9.99999999999926614258e-01
1452   1.00000000000054445337e+00
1453   9.99999999996681654402e-01
1454   9.99999999997076338687e-01
1455   9.99999999997049693334e-01
1456   1.00000000000079247719e+00
1457   1.00000000000036481929e+00
1458   9.99999999999545030605e-01
1459   1.00000000000006750156e+00
1460   1.00000000000002597922e+00
1461   1.00000000000012079227e+00
1462   9.99999999998893551734e-01
1463   9.99999999999591659972e-01
1464   9.99999999999966471265e-01
1465   9.99999999999923283589e-01
1466   1.00000000000009814372e+00
1467   9.99999999999997335465e-01
1468   1.00000000000004884981e+00
1469   1.00000000000002509104e+00
1470   9.99999999999997668532e-01
1471   1.00000000000148303592e+00
1472   1.00000000000033040237e+00
1473   9.99999999999997335465e-01
